2 0.487395
3 0.487395
4 0.45
10 0.25
11 0.25
12 0.4
13 0.4
14 0.4
15 0.4
16 0.4
17 0.4
18 0.4
19 0.4
20 0.4
21 0.4
22 0.4
23 0.4
25 0.235294
26 0.235294
27 0.235294
28 0.235294
38 0.5
54 0.375
55 0.375
56 0.375
57 0.375
58 0.5
59 0.5
60 0.5
61 0.363636
62 0.333333
63 0.333333
64 0.333333
66 0.5
67 0.5
68 0.5
72 0.5
88 0.4
93 0.466667
94 0.466667
95 0.466667
99 0.5
100 0.5
101 0.4
104 0.428571
105 0.3
112 0.4
113 0.4
114 0.5
119 0.4
120 0.4
121 0.4
122 0.4
123 0.4
124 0.4
125 0.4
126 0.4
127 0.5
133 0.5
134 0.5
135 0.5
136 0.333333
142 0.384615
152 0.285714
153 0.285714
154 0.285714
155 0.285714
156 0.285714
157 0.285714
158 0.285714
159 0.428571
160 0.428571
162 0.5
164 0.444444
165 0.444444
166 0.444444
167 0.444444
168 0.384615
169 0.384615
170 0.384615
171 0.384615
172 0.384615
173 0.3
174 0.5
175 0.5
176 0.285714
177 0.285714
179 0.5
180 0.5
181 0.5
182 0.5
185 0.3125
188 0.25
189 0.166667
190 0.166667
191 0.454545
192 0.454545
193 0.454545
202 0.142857
203 0.142857
204 0.142857
205 0.142857
206 0.142857
207 0.142857
208 0.142857
219 0.333333
221 0.5
222 0.5
223 0.5
230 0.4
231 0.5
232 0.5
233 0.5
239 0.5
243 0.4
244 0.4
247 0.4375
248 0.4375
249 0.333333
250 0.333333
251 0.333333
261 0.30303
262 0.30303
264 0.5
272 0.380952
273 0.380952
275 0.5
282 0.5
283 0.5
286 0.5
287 0.5
289 0.222222
290 0.222222
291 0.222222
292 0.5
293 0.5
294 0.5
295 0.5
296 0.5
297 0.5
298 0.384615
299 0.384615
305 0.4
306 0.4
311 0.363636
332 0.428571
333 0.428571
334 0.208333
341 0.375
342 0.375
343 0.375
344 0.375
354 0.5
355 0.5
356 0.5
357 0.5
358 0.222222
359 0.428571
360 0.5
361 0.5
362 0.25
363 0.25
364 0.25
365 0.25
366 0.285714
367 0.357143
368 0.357143
369 0.357143
370 0.357143
371 0.285714
372 0.285714
374 0.333333
375 0.333333
376 0.222222
377 0.222222
378 0.222222
379 0.5
380 0.5
381 0.5
383 0.333333
384 0.333333
385 0.5
386 0.5
387 0.5
388 0.5
399 0.181818
400 0.363636
401 0.363636
402 0.363636
412 0.5
424 0.5
425 0.5
426 0.5
427 0.5
428 0.5
429 0.5
430 0.5
431 0.5
432 0.5
433 0.5
434 0.5
444 0.428571
456 0.4
457 0.4
458 0.4
465 0.375
466 0.375
467 0.230769
468 0.230769
469 0.230769
470 0.142857
471 0.142857
472 0.142857
473 0.142857
479 0.5
480 0.5
481 0.5
483 0.333333
484 0.333333
485 0.333333
486 0.333333
487 0.333333
488 0.333333
489 0.333333
490 0.3
491 0.3
492 0.3
493 0.5
494 0.5
503 0.333333
505 0.411765
506 0.411765
508 0.486486
511 0.25
512 0.25
513 0.181818
514 0.285714
515 0.285714
516 0.4
532 0.5
533 0.4
534 0.4
535 0.5
544 0.272727
545 0.333333
546 0.333333
547 0.333333
548 0.333333
551 0.4
552 0.5
553 0.5
554 0.5
555 0.5
556 0.5
557 0.5
558 0.5
559 0.181818
560 0.181818
561 0.181818
564 0.5
565 0.5
566 0.5
567 0.375
568 0.375
569 0.5
575 0.5
576 0.5
577 0.428571
578 0.428571
579 0.428571
580 0.428571
584 0.352941
585 0.352941
586 0.307692
589 0.333333
590 0.333333
591 0.333333
592 0.4
593 0.4
594 0.4
595 0.4
598 0.238095
605 0.285714
606 0.266667
607 0.272727
623 0.111111
631 0.285714
640 0.466667
650 0.266667
656 0.333333
657 0.333333
658 0.416667
665 0.272727
666 0.272727
667 0.272727
668 0.272727
669 0.272727
670 0.333333
671 0.333333
676 0.5
681 0.25
682 0.25
683 0.25
684 0.25
685 0.25
690 0.444444
692 0.428571
693 0.25
696 0.460526
697 0.460526
699 0.285714
700 0.363636
701 0.222222
702 0.222222
703 0.222222
705 0.487805
706 0.487805
707 0.487805
708 0.487805
709 0.487805
710 0.5
711 0.4
712 0.4
713 0.5
718 0.285714
726 0.5
727 0.5
728 0.333333
729 0.285714
730 0.333333
731 0.333333
732 0.333333
733 0.333333
734 0.4
735 0.4
738 0.428571
739 0.428571
741 0.5
744 0.5
751 0.444444
752 0.421053
753 0.421053
754 0.421053
760 0.5
761 0.5
762 0.2
763 0.235294
765 0.170213
766 0.5
773 0.5
775 0.466667
776 0.466667
778 0.47541
779 0.30303
781 0.5
782 0.5
783 0.5
784 0.5
785 0.5
786 0.134615
791 0.4
792 0.4
793 0.333333
798 0.375
799 0.375
801 0.4
802 0.4
807 0.4
811 0.5
812 0.5
813 0.5
814 0.5
815 0.5
820 0.5
822 0.222222
823 0.222222
826 0.181818
827 0.181818
828 0.181818
829 0.181818
830 0.181818
831 0.181818
834 0.411765
835 0.411765
836 0.411765
837 0.411765
838 0.411765
839 0.214286
840 0.214286
848 0.428571
849 0.5
850 0.5
851 0.5
852 0.5
855 0.5
856 0.5
857 0.5
858 0.5
859 0.5
860 0.5
861 0.5
862 0.5
863 0.428571
864 0.428571
865 0.428571
866 0.428571
867 0.428571
868 0.428571
869 0.428571
870 0.428571
871 0.428571
878 0.380952
879 0.380952
880 0.285714
881 0.285714
882 0.446429
883 0.446429
884 0.446429
885 0.446429
886 0.446429
887 0.3
890 0.428571
891 0.2
892 0.2
893 0.2
894 0.2
902 0.4
905 0.333333
908 0.4
909 0.4
910 0.4
913 0.296296
914 0.296296
915 0.333333
916 0.333333
917 0.333333
925 0.333333
926 0.333333
928 0.4
929 0.428571
932 0.5
933 0.4
934 0.5
937 0.333333
938 0.333333
939 0.333333
942 0.5
946 0.482759
947 0.5
960 0.428571
961 0.428571
962 0.428571
963 0.428571
964 0.428571
965 0.428571
966 0.5
967 0.5
968 0.5
969 0.4
970 0.4
975 0.25
976 0.25
977 0.25
983 0.365854
984 0.365854
985 0.461538
986 0.461538
996 0.5
997 0.5
998 0.466667
999 0.466667
1000 0.466667
1007 0.272727
1010 0.4
1011 0.4
1012 0.4
1013 0.4
1019 0.333333
1021 0.5
1022 0.5
1023 0.5
1024 0.5
1025 0.5
1026 0.5
1027 0.5
1028 0.5
1029 0.5
1030 0.25
1053 0.5
1054 0.4
1063 0.307692
1065 0.5
1067 0.4
1068 0.4
1069 0.285714
1070 0.285714
1071 0.285714
1081 0.272727
1082 0.272727
1083 0.474576
1084 0.474576
1085 0.474576
1089 0.181818
1096 0.466667
1097 0.466667
1098 0.333333
1099 0.474138
1100 0.474138
1101 0.474138
1102 0.474138
1103 0.285714
1104 0.285714
1105 0.375
1106 0.375
1110 0.333333
1111 0.15
1112 0.15
1113 0.15
1114 0.15
1115 0.5
1116 0.5
1117 0.5
1119 0.5
1120 0.5
1121 0.5
1122 0.5
1135 0.294118
1136 0.363636
1137 0.363636
1138 0.363636
1140 0.294118
1141 0.375
1142 0.375
1143 0.375
1144 0.375
1145 0.375
1174 0.5
1175 0.5
1176 0.4375
1186 0.333333
1187 0.352941
1188 0.161765
1189 0.161765
1190 0.333333
1191 0.333333
1192 0.333333
1193 0.5
1194 0.5
1195 0.5
1205 0.25
1206 0.25
1207 0.5
1210 0.5
1211 0.333333
1215 0.4
1216 0.4
1217 0.5
1221 0.333333
1225 0.5
1226 0.5
1227 0.371429
1228 0.4
1229 0.408385
1233 0.384615
1239 0.333333
1242 0.444444
1243 0.5
1248 0.5
1252 0.26087
1260 0.333333
1267 0.3
1270 0.428571
1271 0.428571
1272 0.428571
1273 0.428571
1274 0.428571
1276 0.5
1279 0.222222
1281 0.5
1282 0.5
1283 0.5
1289 0.4
1290 0.4
1292 0.352941
1301 0.5
1307 0.333333
1313 0.333333
1314 0.333333
1315 0.333333
1316 0.333333
1317 0.4
1318 0.5
1321 0.347826
1322 0.347826
1323 0.444444
1325 0.5
1326 0.5
1327 0.5
1328 0.5
1342 0.5
1344 0.333333
1345 0.333333
1354 0.428571
1355 0.428571
1363 0.304348
1364 0.333333
1365 0.333333
1366 0.333333
1380 0.5
1381 0.4
1383 0.4
1384 0.375
1385 0.375
1386 0.375
1387 0.375
1392 0.1875
1393 0.1875
1394 0.162791
1395 0.375
1396 0.5
1399 0.178571
1400 0.178571
1401 0.333333
1402 0.468085
1403 0.468085
1404 0.468085
1405 0.468085
1406 0.468085
1413 0.5
1414 0.5
1436 0.444444
1437 0.5
1440 0.333333
1441 0.333333
1448 0.416667
1450 0.428571
1451 0.125
1452 0.125
1453 0.125
1454 0.125
1455 0.388889
1456 0.457143
1457 0.5
1460 0.222222
1471 0.466667
1472 0.333333
1473 0.333333
1478 0.5
1479 0.5
1480 0.5
1481 0.5
1482 0.5
1487 0.5
1491 0.285714
1494 0.428571
1501 0.333333
1511 0.304348
1512 0.5
1517 0.4
1532 0.5
1533 0.5
1534 0.5
1535 0.5
1548 0.5
1549 0.5
1550 0.5
1563 0.4
1565 0.4
1566 0.4
1567 0.4
1568 0.5
1571 0.333333
1581 0.409091
1582 0.409091
1584 0.428571
1585 0.428571
1586 0.428571
1590 0.333333
1591 0.333333
1592 0.333333
1593 0.333333
1594 0.333333
1595 0.47619
1596 0.47619
1599 0.285714
1608 0.478261
1609 0.478261
1610 0.478261
1611 0.5
1612 0.340909
1613 0.340909
1614 0.340909
1617 0.244444
1618 0.244444
1619 0.244444
1620 0.244444
1622 0.5
1624 0.133333
1628 0.3125
1629 0.3125
1636 0.5
1637 0.4
1638 0.4
1640 0.428571
1641 0.428571
1642 0.428571
1645 0.5
1654 0.166667
1655 0.166667
1656 0.494118
1657 0.494118
1658 0.494118
1659 0.494118
1679 0.4
1680 0.4
1681 0.4
1685 0.285714
1686 0.285714
1687 0.416667
1693 0.4
1694 0.4
1696 0.375
1697 0.375
1702 0.5
1703 0.5
1709 0.333333
1710 0.333333
1711 0.333333
1712 0.333333
1713 0.181818
1716 0.4
1717 0.166667
1718 0.166667
1728 0.222222
1729 0.469136
1730 0.469136
1733 0.5
1734 0.5
1739 0.5
1740 0.5
1741 0.5
1754 0.181818
1755 0.181818
1756 0.181818
1757 0.5
1759 0.25
1761 0.5
1762 0.5
1773 0.5
1776 0.225806
1777 0.225806
1778 0.225806
1780 0.222222
1781 0.300654
1782 0.300654
1793 0.333333
1796 0.214286
1797 0.153846
1799 0.5
1800 0.137931
1802 0.413793
1803 0.4
1810 0.375
1811 0.5
1812 0.5
1813 0.444444
1814 0.444444
1815 0.444444
1816 0.444444
1817 0.444444
1818 0.333333
1820 0.4
1821 0.333333
1822 0.5
1823 0.5
1824 0.5
1825 0.5
1826 0.5
1827 0.5
1828 0.5
1829 0.5
1836 0.5
1838 0.5
1839 0.5
1843 0.4
1844 0.5
1845 0.5
1848 0.428571
1849 0.428571
1854 0.4
1855 0.5
1856 0.5
1857 0.5
1860 0.2
1861 0.2
1863 0.222222
1870 0.4
1871 0.4
1872 0.4
1874 0.5
1875 0.25
1881 0.48
1882 0.48
1883 0.48
1884 0.4
1885 0.4
1886 0.4
1887 0.294118
1888 0.333333
1889 0.333333
1890 0.333333
1891 0.5
1892 0.105263
1893 0.105263
1895 0.375
1897 0.333333
1900 0.333333
1901 0.230769
1904 0.153846
1907 0.2
1910 0.5
1921 0.2
1926 0.2
1927 0.411765
1928 0.318182
1929 0.318182
1930 0.5
1931 0.5
1932 0.5
1933 0.5
1934 0.4
1935 0.4
1936 0.4
1937 0.4
1938 0.4
1943 0.5
1944 0.5
1947 0.454545
1948 0.333333
1949 0.357143
1950 0.357143
1958 0.333333
1959 0.333333
1962 0.225
1963 0.5
1964 0.5
1974 0.370968
1975 0.370968
1987 0.333333
1988 0.461538
2004 0.466667
2007 0.5
2008 0.5
2018 0.5
2019 0.5
2020 0.5
2023 0.318182
2024 0.318182
2025 0.318182
2026 0.318182
2027 0.318182
2028 0.318182
2029 0.318182
2031 0.4
2032 0.4
2033 0.4
2036 0.133333
2037 0.4
2044 0.14
2054 0.411765
2059 0.2
2064 0.4
2081 0.5
2083 0.428571
2084 0.428571
2085 0.428571
2086 0.428571
2087 0.428571
2088 0.428571
2089 0.391304
2096 0.375
2098 0.428571
2107 0.333333
2108 0.333333
2109 0.333333
2112 0.5
2118 0.25
2119 0.25
2120 0.25
2121 0.466667
2122 0.466667
2124 0.285714
2125 0.285714
2126 0.285714
2127 0.285714
2128 0.285714
2131 0.181818
2132 0.181818
2137 0.428571
2138 0.375
2158 0.4
2159 0.5
2172 0.333333
2173 0.333333
2174 0.333333
2175 0.333333
2176 0.333333
2177 0.333333
2181 0.333333
2182 0.333333
2183 0.333333
2184 0.333333
2185 0.333333
2186 0.333333
2187 0.333333
2188 0.333333
2189 0.5
2190 0.5
2191 0.5
2201 0.153846
2202 0.153846
2203 0.153846
2204 0.153846
2205 0.4
2211 0.333333
2212 0.4
2213 0.4
2214 0.4
2216 0.4
2222 0.222222
2223 0.222222
2224 0.5
2225 0.5
2229 0.307692
2230 0.307692
2231 0.307692
2236 0.428571
2237 0.428571
2243 0.461538
2244 0.461538
2245 0.5
2246 0.5
2248 0.451613
2251 0.5
2252 0.5
2253 0.5
2254 0.5
2255 0.5
2256 0.5
2257 0.117647
2258 0.363636
2259 0.153846
2260 0.285714
2262 0.285714
2263 0.285714
2264 0.3
2272 0.4
2273 0.4
2274 0.4
2275 0.37037
2276 0.37037
2277 0.37037
2278 0.37037
2280 0.307692
2281 0.382353
2283 0.5
2286 0.4
2287 0.388889
2288 0.388889
2289 0.388889
2290 0.4
2293 0.125
2294 0.125
2295 0.125
2296 0.5
2304 0.5
2305 0.5
2311 0.2
2314 0.4
2315 0.333333
2320 0.4
2321 0.4
2322 0.4
2326 0.333333
2327 0.5
2328 0.5
2329 0.5
2338 0.5
2340 0.5
2352 0.384615
2353 0.384615
2367 0.5
2368 0.5
2369 0.5
2370 0.5
2375 0.5
2376 0.5
2377 0.5
2379 0.333333
2380 0.333333
2381 0.333333
2382 0.333333
2383 0.333333
2384 0.333333
2385 0.5
2398 0.444444
2399 0.444444
2403 0.5
2404 0.5
2405 0.5
2417 0.5
2418 0.5
2419 0.5
2420 0.411111
2421 0.411111
2422 0.411111
2423 0.411111
2424 0.411111
2427 0.5
2429 0.5
2430 0.5
2431 0.5
2432 0.5
2433 0.285714
2434 0.285714
2435 0.285714
2436 0.285714
2439 0.285714
2440 0.285714
2441 0.285714
2442 0.285714
2443 0.285714
2444 0.285714
2445 0.285714
2446 0.421053
2451 0.466667
2452 0.363636
2460 0.4375
2461 0.4375
2462 0.5
2463 0.5
2464 0.5
2465 0.5
2466 0.5
2468 0.5
2473 0.5
2474 0.5
2477 0.428571
2481 0.4
2493 0.4
2500 0.333333
2501 0.333333
2502 0.5
2503 0.333333
2507 0.333333
2509 0.461538
2511 0.5
2512 0.5
2516 0.394366
2521 0.4
2522 0.4
2527 0.428571
2528 0.428571
2532 0.307692
2533 0.0980392
2534 0.5
2535 0.5
2536 0.5
2537 0.5
2538 0.5
2539 0.5
2540 0.5
2541 0.5
2542 0.428571
2543 0.428571
2544 0.428571
2550 0.36
2551 0.36
2552 0.5
2558 0.416667
2569 0.5
2572 0.25
2573 0.25
2582 0.210526
2583 0.210526
2584 0.210526
2585 0.210526
2588 0.352941
2589 0.384615
2590 0.384615
2591 0.384615
2594 0.428571
2596 0.222222
2597 0.222222
2598 0.222222
2601 0.3125
2608 0.5
2609 0.5
2610 0.5
2616 0.5
2617 0.25
2620 0.493151
2622 0.5
2623 0.5
2624 0.5
2625 0.5
2626 0.5
2631 0.5
2632 0.4
2633 0.4
2634 0.4
2636 0.333333
2639 0.133333
2640 0.133333
2649 0.5
2650 0.5
2651 0.5
2652 0.5
2656 0.5
2659 0.307692
2663 0.4
2665 0.428571
2666 0.428571
2667 0.428571
2668 0.428571
2669 0.428571
2670 0.428571
2671 0.222222
2672 0.222222
2673 0.5
2674 0.5
2675 0.5
2677 0.5
2678 0.5
2679 0.4375
2680 0.285714
2681 0.285714
2682 0.5
2683 0.428571
2686 0.5
2687 0.5
2688 0.5
2694 0.428571
2701 0.222222
2702 0.5
2703 0.5
2704 0.222222
2705 0.3
2706 0.3
2707 0.3
2709 0.166667
2710 0.166667
2711 0.166667
2712 0.4
2713 0.25
2715 0.25
2716 0.4
2720 0.4
2721 0.4
2722 0.4
2730 0.25
2731 0.25
2732 0.5
2737 0.5
2738 0.5
2739 0.5
2740 0.5
2741 0.5
2742 0.5
2743 0.5
2744 0.5
2745 0.5
2746 0.461538
2750 0.5
2754 0.285714
2759 0.5
2760 0.5
2774 0.5
2775 0.4
2777 0.4
2779 0.5
2780 0.428571
2781 0.428571
2786 0.454545
2787 0.454545
2792 0.333333
2802 0.333333
2809 0.421053
2810 0.421053
2812 0.333333
2814 0.461538
2828 0.375
2829 0.222222
2830 0.222222
2833 0.4
2834 0.4
2835 0.4
2836 0.4
2837 0.5
2843 0.4
2844 0.4
2845 0.4
2846 0.5
2847 0.5
2850 0.25
2851 0.25
2852 0.25
2853 0.25
2854 0.25
2855 0.333333
2856 0.384615
2858 0.5
2859 0.384615
2860 0.1875
2861 0.285714
2862 0.285714
2863 0.5
2864 0.5
2870 0.461538
2871 0.461538
2872 0.461538
2873 0.461538
2874 0.333333
2878 0.272727
2879 0.368421
2880 0.4
2881 0.285714
2882 0.285714
2884 0.428571
2899 0.2
2900 0.2
2901 0.2
2903 0.5
2906 0.333333
2907 0.333333
2908 0.333333
2909 0.333333
2910 0.222222
2911 0.222222
2916 0.25
2917 0.3125
2919 0.333333
2920 0.333333
2923 0.2
2924 0.2
2925 0.2
2932 0.461538
2936 0.5
2937 0.5
2939 0.238095
2940 0.2
2941 0.2
2942 0.5
2943 0.5
2944 0.4
2945 0.4
2946 0.5
2947 0.5
2955 0.285714
2956 0.285714
2957 0.285714
2958 0.285714
2959 0.285714
2960 0.466667
2961 0.466667
2962 0.466667
2963 0.466667
2964 0.466667
2965 0.428571
2966 0.428571
2967 0.5
2972 0.5
2974 0.428571
2975 0.428571
2976 0.2
2977 0.2
2978 0.2
2979 0.2
2980 0.32
2982 0.454545
2983 0.392857
2990 0.5
2991 0.5
2992 0.5
2993 0.5
2994 0.5
2995 0.5
3000 0.375
3001 0.375
3002 0.333333
3003 0.333333
3006 0.5
3007 0.5
3018 0.2
3019 0.428571
3020 0.428571
3021 0.428571
3022 0.428571
3023 0.428571
3027 0.5
3028 0.5
3029 0.5
3032 0.5
3034 0.5
3035 0.5
3036 0.5
3037 0.5
3043 0.4
3044 0.4
3045 0.25
3050 0.333333
3051 0.333333
3052 0.333333
3060 0.5
3063 0.4
3064 0.4
3065 0.4
3066 0.4
3074 0.333333
3075 0.333333
3076 0.333333
3077 0.333333
3078 0.333333
3088 0.333333
3089 0.4
3090 0.416667
3091 0.375
3094 0.444444
3095 0.444444
3096 0.444444
3097 0.444444
3098 0.214286
3102 0.5
3103 0.5
3104 0.5
3106 0.4
3107 0.4
3108 0.4
3109 0.4
3110 0.4
3111 0.4
3112 0.4
3113 0.4
3114 0.4
3115 0.5
3120 0.478261
3121 0.478261
3122 0.478261
3134 0.444444
3145 0.272727
3146 0.25
3147 0.25
3149 0.483871
3150 0.483871
3151 0.483871
3152 0.483871
3153 0.483871
3154 0.483871
3156 0.470588
3157 0.470588
3162 0.5
3163 0.428571
3164 0.428571
3165 0.5
3166 0.4
3167 0.5
3168 0.352941
3174 0.342857
3175 0.342857
3176 0.3
3177 0.3
3178 0.333333
3179 0.333333
3189 0.352941
3190 0.222222
3191 0.222222
3192 0.307692
3193 0.166667
3194 0.166667
3195 0.315789
3197 0.235294
3198 0.47619
3199 0.47619
3200 0.47619
3202 0.5
3203 0.5
3204 0.25
3205 0.25
3206 0.454545
3207 0.454545
3208 0.454545
3209 0.454545
3210 0.454545
3211 0.454545
3212 0.454545
3213 0.454545
3214 0.454545
3218 0.222222
3219 0.333333
3224 0.5
3225 0.5
3226 0.5
3233 0.5
3235 0.222222
3236 0.5
3237 0.5
3241 0.375
3242 0.5
3243 0.5
3244 0.5
3245 0.2
3267 0.461538
3268 0.461538
3269 0.461538
3273 0.333333
3283 0.333333
3284 0.333333
3285 0.333333
3286 0.333333
3287 0.333333
3288 0.333333
3289 0.333333
3302 0.4
3307 0.428571
3308 0.428571
3309 0.428571
3310 0.428571
3311 0.428571
3312 0.428571
3313 0.428571
3314 0.4
3315 0.4
3316 0.4
3317 0.4
3318 0.4
3319 0.4
3320 0.4
3321 0.4375
3322 0.4375
3323 0.4375
3324 0.363636
3325 0.363636
3326 0.363636
3328 0.44
3329 0.44
3330 0.44
3331 0.181818
3332 0.181818
3333 0.181818
3334 0.181818
3335 0.444444
3336 0.461538
3342 0.5
3343 0.5
3344 0.5
3345 0.5
3346 0.2
3347 0.2
3348 0.333333
3349 0.310345
3352 0.166667
3360 0.333333
3361 0.210526
3370 0.309524
3371 0.2
3372 0.2
3373 0.2
3374 0.363636
3375 0.363636
3377 0.333333
3379 0.36
3383 0.428571
3384 0.428571
3393 0.469388
3394 0.469388
3395 0.469388
3396 0.469388
3397 0.469388
3400 0.4375
3401 0.4375
3402 0.4375
3403 0.4375
3414 0.375
3432 0.357143
3433 0.285714
3434 0.285714
3440 0.444444
3444 0.444444
3445 0.444444
3446 0.263158
3456 0.5
3457 0.5
3462 0.5
3468 0.444444
3472 0.411765
3473 0.411765
3474 0.411765
3475 0.411765
3476 0.411765
3477 0.411765
3478 0.411765
3498 0.416667
3499 0.416667
3500 0.416667
3501 0.416667
3502 0.416667
3503 0.4
3504 0.4
3505 0.4
3506 0.4
3513 0.333333
3514 0.333333
3515 0.333333
3516 0.333333
3523 0.176471
3533 0.375
3534 0.375
3551 0.333333
3556 0.5
3562 0.3125
3566 0.181818
3567 0.5
3570 0.2
3571 0.2
3573 0.4
3577 0.4
3578 0.230769
3584 0.114754
3585 0.5
3588 0.5
3589 0.5
3593 0.285714
3594 0.285714
3595 0.277778
3604 0.5
3605 0.333333
3608 0.375
3614 0.285714
3615 0.285714
3616 0.285714
3623 0.2
3625 0.5
3626 0.5
3629 0.4
3630 0.4
3632 0.45
3633 0.181818
3637 0.5
3638 0.5
3649 0.3
3650 0.5
3651 0.428571
3656 0.2
3657 0.2
3661 0.4
3662 0.4
3663 0.4
3664 0.4
3665 0.4
3666 0.4
3667 0.4
3668 0.4
3670 0.4
3671 0.181818
3672 0.25
3673 0.25
3674 0.25
3675 0.25
3676 0.285714
3677 0.285714
3678 0.285714
3679 0.285714
3680 0.285714
3684 0.428571
3687 0.428571
3693 0.5
3694 0.5
3695 0.44
3716 0.357143
3722 0.5
3723 0.5
3726 0.25
3727 0.25
3730 0.25
3731 0.25
3732 0.25
3733 0.25
3734 0.25
3735 0.285714
3744 0.333333
3745 0.5
3749 0.5
3750 0.5
3769 0.388889
3770 0.388889
3772 0.285714
3773 0.5
3779 0.333333
3780 0.333333
3781 0.333333
3784 0.5
3785 0.4
3786 0.4
3787 0.5
3788 0.5
3789 0.487805
3790 0.5
3791 0.333333
3792 0.5
3794 0.285714
3801 0.4
3802 0.4
3810 0.333333
3811 0.333333
3812 0.333333
3813 0.230769
3814 0.347826
3815 0.347826
3816 0.172414
3817 0.444444
3818 0.444444
3821 0.461538
3822 0.444444
3823 0.45
3829 0.5
3830 0.5
3835 0.5
3836 0.5
3837 0.285714
3839 0.4
3840 0.285714
3843 0.5
3844 0.5
3845 0.5
3846 0.5
3847 0.5
3848 0.5
3849 0.5
3850 0.222222
3853 0.428571
3854 0.428571
3855 0.363636
3856 0.5
3857 0.5
3863 0.4
3864 0.4
3865 0.4
3866 0.4
3867 0.125
3879 0.3125
3880 0.3125
3881 0.230769
3882 0.230769
3883 0.5
3892 0.5
3893 0.5
3894 0.5
3895 0.5
3896 0.157895
3897 0.266667
3900 0.5
3901 0.285714
3918 0.489362
3919 0.489362
3920 0.489362
3921 0.489362
3922 0.347826
3923 0.347826
3924 0.347826
3927 0.285714
3928 0.285714
3929 0.285714
3930 0.428571
3931 0.428571
3937 0.46875
3938 0.46875
3939 0.46875
3942 0.1875
3943 0.1875
3944 0.3125
3945 0.3125
3946 0.3125
3950 0.5
3951 0.428571
3952 0.42
3953 0.4
3954 0.42623
3960 0.375
3961 0.466667
3962 0.466667
3967 0.176471
3968 0.25
3970 0.4
3972 0.5
3973 0.5
3974 0.5
3975 0.5
3976 0.5
3977 0.421053
3978 0.26087
3979 0.26087
3980 0.26087
3981 0.4
3982 0.4
3983 0.466667
3984 0.466667
3985 0.5
3990 0.307692
3991 0.4
3994 0.4
3995 0.214286
3998 0.25
3999 0.307692
4001 0.25
4002 0.25
4003 0.25
4006 0.3
4007 0.3
4008 0.4
4009 0.4375
4010 0.333333
4015 0.227273
4016 0.227273
4036 0.384615
4037 0.384615
4038 0.384615
4039 0.384615
4046 0.25
4049 0.333333
4050 0.5
4051 0.5
4053 0.5
4054 0.5
4057 0.5
4058 0.5
4059 0.5
4060 0.5
4062 0.428571
4063 0.4
4065 0.4
4066 0.4
4068 0.2
4081 0.4
4083 0.5
4084 0.307692
4097 0.454545
4117 0.5
4118 0.5
4119 0.466667
4120 0.466667
4121 0.472222
4122 0.5
4123 0.5
4149 0.368421
4150 0.285714
4151 0.285714
4152 0.285714
4161 0.5
4178 0.382979
4179 0.382979
4180 0.382979
4188 0.307692
4189 0.25
4190 0.5
4201 0.5
4202 0.5
4203 0.5
4204 0.5
4205 0.5
4206 0.5
4207 0.5
4208 0.5
4209 0.5
4210 0.5
4211 0.285714
4212 0.285714
4217 0.428571
4218 0.5
4219 0.5
4220 0.5
4232 0.375
4233 0.5
4242 0.428571
4244 0.4
4246 0.4
4247 0.294118
4248 0.294118
4250 0.333333
4251 0.285714
4252 0.5
4253 0.272727
4283 0.375
4285 0.444444
4288 0.5
4289 0.428571
4290 0.5
4291 0.5
4306 0.5
4307 0.3
4308 0.3
4309 0.5
4314 0.4
4320 0.425
4325 0.375
4326 0.375
4340 0.5
4356 0.473684
4357 0.333333
4358 0.272727
4359 0.272727
4360 0.272727
4362 0.428571
4363 0.428571
4370 0.4
4371 0.4
4373 0.409091
4377 0.4375
4378 0.15
4379 0.15
4383 0.15
4384 0.15
4385 0.15
4386 0.15
4397 0.375
4398 0.307692
4403 0.4
4404 0.4
4405 0.25
4406 0.25
4407 0.5
4411 0.428571
4412 0.428571
4413 0.363636
4414 0.32
4415 0.32
4416 0.32
4420 0.4
4421 0.277778
4422 0.217391
4423 0.217391
4427 0.3
4428 0.3
4429 0.313725
4430 0.313725
4431 0.313725
4433 0.333333
4439 0.5
4440 0.5
4445 0.470588
4446 0.470588
4447 0.470588
4451 0.25
4452 0.25
4453 0.25
4456 0.25
4457 0.25
4458 0.4
4459 0.4
4464 0.463415
4465 0.463415
4468 0.454545
4469 0.454545
4472 0.217391
4473 0.204301
4479 0.418919
4485 0.307692
4486 0.307692
4487 0.307692
4488 0.4
4490 0.285714
4494 0.384615
4495 0.384615
4505 0.375
4509 0.285714
4514 0.333333
4515 0.333333
4516 0.333333
4517 0.333333
4518 0.333333
4530 0.428571
4531 0.428571
4532 0.428571
4533 0.428571
4534 0.235294
4535 0.5
4538 0.333333
4539 0.333333
4547 0.333333
4548 0.5
4549 0.5
4550 0.5
4551 0.5
4552 0.5
4556 0.333333
4557 0.333333
4558 0.333333
4559 0.333333
4560 0.333333
4561 0.333333
4562 0.333333
4563 0.333333
4564 0.333333
4572 0.5
4573 0.4
4574 0.4
4576 0.2
4577 0.2
4592 0.285714
4593 0.285714
4604 0.45
4605 0.5
4606 0.5
4607 0.4375
4610 0.313953
4611 0.313953
4612 0.5
4613 0.5
4614 0.5
4620 0.285714
4621 0.285714
4629 0.5
4630 0.181818
4636 0.5
4638 0.5
4639 0.5
4640 0.5
4641 0.5
4642 0.5
4643 0.5
4644 0.5
4646 0.333333
4647 0.5
4648 0.5
4649 0.5
4650 0.4
4651 0.4
4653 0.4
4665 0.285714
4666 0.285714
4667 0.285714
4675 0.4
4676 0.4
4677 0.4
4678 0.4
4679 0.5
4685 0.333333
4687 0.3
4688 0.1875
4689 0.1875
4691 0.5
4699 0.428571
4709 0.3125
4711 0.2
4712 0.2
4713 0.2
4722 0.3
4723 0.3
4724 0.4
4725 0.4
4726 0.5
4730 0.416667
4733 0.409091
4739 0.347826
4740 0.5
4741 0.354167
4742 0.354167
4750 0.5
4751 0.5
4752 0.454545
4753 0.454545
4754 0.444444
4755 0.444444
4756 0.444444
4757 0.444444
4763 0.5
4764 0.5
4765 0.5
4766 0.5
4767 0.5
4768 0.5
4769 0.333333
4770 0.333333
4773 0.5
4776 0.25
4777 0.25
4778 0.25
4779 0.5
4780 0.5
4781 0.5
4782 0.5
4785 0.5
4786 0.5
4787 0.5
4788 0.5
4789 0.5
4790 0.5
4791 0.5
4792 0.5
4793 0.5
4794 0.5
4795 0.5
4796 0.5
4804 0.363636
4809 0.461538
4810 0.461538
4811 0.222222
4812 0.222222
4815 0.4
4816 0.428571
4817 0.428571
4818 0.428571
4819 0.428571
4820 0.428571
4821 0.428571
4822 0.4
4823 0.4
4824 0.5
4825 0.5
4826 0.5
4827 0.5
4828 0.5
4831 0.428571
4832 0.428571
4843 0.333333
4844 0.333333
4846 0.4
4847 0.4
4848 0.4
4859 0.333333
4860 0.333333
4861 0.333333
4862 0.333333
4863 0.333333
4864 0.4
4865 0.4
4866 0.4
4867 0.4
4868 0.4
4869 0.4
4873 0.307692
4875 0.377778
4876 0.377778
4882 0.4375
4884 0.315789
4887 0.5
4891 0.444444
4892 0.444444
4893 0.444444
4894 0.444444
4896 0.125
4897 0.125
4903 0.25
4904 0.25
4905 0.25
4906 0.5
4907 0.458333
4911 0.4
4912 0.4
4920 0.375
4921 0.333333
4929 0.307692
4930 0.307692
4931 0.307692
4932 0.307692
4933 0.307692
4934 0.222222
4935 0.222222
4941 0.5
4942 0.25
4948 0.457143
4949 0.285714
4950 0.5
4951 0.5
4965 0.4
4966 0.4
4967 0.4
4968 0.4
4971 0.454545
4972 0.454545
4973 0.454545
4974 0.454545
4975 0.454545
4980 0.222222
4981 0.222222
4982 0.222222
4983 0.222222
4984 0.222222
4993 0.133333
4994 0.133333
4995 0.133333
4996 0.133333
4997 0.285714
4998 0.285714
4999 0.285714
5000 0.285714
5001 0.285714
5002 0.285714
5003 0.285714
5004 0.285714
5008 0.5
5010 0.28125
5011 0.28125
5012 0.28125
5013 0.4
5014 0.4
5015 0.4
5016 0.272727
5017 0.272727
5018 0.272727
5019 0.272727
5020 0.272727
5021 0.272727
5022 0.272727
5023 0.272727
5024 0.5
5025 0.5
5026 0.5
5027 0.5
5028 0.5
5029 0.5
5036 0.4
5037 0.333333
5038 0.363636
5044 0.444444
5045 0.444444
5046 0.444444
5050 0.5
5051 0.5
5052 0.5
5057 0.4
5058 0.4
5059 0.296296
5060 0.296296
5061 0.296296
5062 0.272727
5063 0.272727
5064 0.272727
5065 0.272727
5066 0.272727
5067 0.272727
5068 0.272727
5069 0.272727
5070 0.272727
5071 0.272727
5072 0.272727
5073 0.272727
5074 0.25
5075 0.25
5076 0.25
5077 0.25
5078 0.25
5079 0.25
5080 0.25
5081 0.25
5086 0.452381
5087 0.452381
5088 0.452381
5089 0.452381
5090 0.452381
5091 0.452381
5092 0.452381
5093 0.452381
5094 0.5
5095 0.5
5099 0.3
5100 0.3
5101 0.333333
5104 0.4
5105 0.4
5106 0.4
5108 0.375
5109 0.375
5110 0.375
5111 0.375
5112 0.375
5113 0.375
5116 0.333333
5117 0.333333
5118 0.333333
5124 0.5
5125 0.5
5126 0.125
5131 0.375
5132 0.375
5133 0.375
5138 0.217391
5139 0.461538
5140 0.5
5141 0.5
5142 0.5
5143 0.5
5144 0.5
5145 0.5
5146 0.5
5154 0.434783
5160 0.230769
5161 0.230769
5162 0.230769
5163 0.230769
5164 0.444444
5165 0.444444
5166 0.444444
5167 0.444444
5171 0.45
5172 0.272727
5173 0.272727
5174 0.272727
5175 0.272727
5176 0.272727
5177 0.272727
5178 0.285714
5179 0.285714
5183 0.466667
5185 0.364865
5186 0.289474
5187 0.4
5196 0.285714
5197 0.439024
5198 0.439024
5199 0.439024
5208 0.3
5216 0.483986
5224 0.5
5225 0.5
5226 0.5
5227 0.454545
5228 0.4
5234 0.282051
5235 0.4
5243 0.272727
5244 0.272727
5245 0.111111
5246 0.333333
5247 0.181818
5248 0.181818
5249 0.4
5253 0.2
5254 0.2
5255 0.2
5259 0.222222
5262 0.408163
5263 0.142857
5266 0.3125
5267 0.3125
5268 0.3125
5273 0.424242
5274 0.380952
5275 0.380952
5276 0.375
5277 0.375
5278 0.375
5283 0.461538
5284 0.461538
5285 0.461538
5286 0.461538
5287 0.461538
5288 0.461538
5289 0.294118
5292 0.285714
5293 0.285714
5294 0.285714
5295 0.285714
5296 0.285714
5297 0.285714
5298 0.5
5299 0.5
5300 0.5
5301 0.5
5302 0.5
5303 0.5
5307 0.333333
5308 0.125
5310 0.333333
5313 0.375
5314 0.375
5315 0.375
5316 0.375
5317 0.375
5318 0.375
5319 0.375
5331 0.5
5332 0.5
5333 0.5
5334 0.5
5335 0.5
5340 0.5
5358 0.5
5359 0.5
5360 0.5
5361 0.5
5363 0.267857
5364 0.357143
5365 0.454545
5369 0.357143
5370 0.357143
5372 0.5
5373 0.5
5374 0.5
5376 0.4
5387 0.5
5388 0.5
5393 0.363636
5394 0.454545
5395 0.454545
5408 0.4
5420 0.285714
5421 0.285714
5422 0.285714
5423 0.285714
5427 0.16
5428 0.307692
5429 0.307692
5430 0.307692
5431 0.307692
5432 0.307692
5433 0.4
5434 0.4
5437 0.5
5438 0.5
5440 0.333333
5441 0.333333
5448 0.444444
5452 0.4
5453 0.4
5454 0.4
5455 0.5
5456 0.5
5457 0.5
5458 0.444444
5460 0.230769
5464 0.133333
5465 0.133333
5470 0.5
5475 0.461538
5476 0.285714
5477 0.285714
5502 0.46875
5506 0.4
5507 0.4
5508 0.4
5509 0.322581
5510 0.5
5511 0.5
5517 0.4
5518 0.4
5519 0.5
5520 0.5
5521 0.5
5522 0.375
5523 0.375
5524 0.375
5528 0.416667
5529 0.416667
5530 0.416667
5531 0.333333
5532 0.333333
5540 0.375
5541 0.5
5545 0.5
5546 0.5
5547 0.5
5548 0.5
5549 0.5
5550 0.333333
5553 0.4
5554 0.4
5555 0.272727
5556 0.272727
5557 0.272727
5558 0.4
5559 0.4
5560 0.0487805
5563 0.384615
5564 0.5
5565 0.5
5569 0.5
5570 0.137931
5575 0.333333
5576 0.333333
5577 0.5
5578 0.428571
5592 0.4
5601 0.363636
5619 0.395349
5620 0.395349
5621 0.333333
5627 0.3
5628 0.5
5629 0.5
5630 0.5
5634 0.375
5635 0.35
5641 0.4
5642 0.375
5643 0.375
5645 0.333333
5646 0.333333
5649 0.333333
5651 0.333333
5652 0.333333
5653 0.333333
5654 0.4
5655 0.4
5656 0.4375
5657 0.4375
5658 0.4375
5660 0.176471
5663 0.5
5668 0.2
5669 0.344828
5670 0.344828
5671 0.344828
5672 0.344828
5673 0.344828
5674 0.454545
5675 0.454545
5676 0.454545
5677 0.333333
5679 0.5
5680 0.5
5681 0.5
5682 0.5
5683 0.5
5684 0.5
5685 0.428571
5697 0.4
5698 0.421053
5699 0.2
5700 0.2
5708 0.443038
5709 0.375
5710 0.375
5712 0.4
5713 0.263158
5715 0.423077
5716 0.423077
5717 0.142857
5720 0.2
5721 0.2
5722 0.4
5723 0.117647
5724 0.117647
5731 0.294118
5736 0.259259
5737 0.259259
5738 0.259259
5739 0.259259
5761 0.3125
5762 0.1875
5763 0.1875
5769 0.5
5775 0.4
5782 0.375
5787 0.5
5796 0.12
5797 0.12
5798 0.5
5799 0.5
5800 0.5
5801 0.172414
5806 0.222222
5807 0.222222
5808 0.222222
5809 0.222222
5810 0.222222
5811 0.222222
5820 0.428571
5821 0.428571
5831 0.428571
5838 0.5
5839 0.5
5840 0.5
5850 0.387097
5851 0.444444
5863 0.5
5864 0.5
5865 0.5
5866 0.5
5867 0.222222
5870 0.235294
5871 0.2
5875 0.5
5880 0.25
5881 0.25
5889 0.333333
5890 0.322581
5891 0.2
5892 0.2
5893 0.4
5894 0.4
5895 0.5
5896 0.166667
5898 0.363636
5899 0.363636
5906 0.5
5907 0.2
5914 0.461538
5919 0.428571
5920 0.428571
5921 0.277778
5930 0.5
5931 0.5
5932 0.5
5935 0.333333
5936 0.333333
5937 0.333333
5941 0.5
5943 0.428571
5944 0.428571
5946 0.5
5953 0.333333
5955 0.125
5956 0.125
5957 0.125
5958 0.5
5959 0.5
5960 0.5
5961 0.230769
5962 0.357143
5963 0.357143
5964 0.357143
5965 0.357143
5966 0.357143
5967 0.310345
5968 0.310345
5969 0.3
5970 0.3
5978 0.5
5979 0.5
5980 0.428571
5981 0.428571
5982 0.428571
5983 0.428571
5984 0.428571
5985 0.428571
5986 0.473684
5998 0.344828
5999 0.344828
6001 0.166667
6002 0.166667
6004 0.5
6005 0.5
6006 0.5
6007 0.5
6011 0.5
6014 0.333333
6015 0.310345
6016 0.310345
6017 0.310345
6019 0.384615
6035 0.181818
6036 0.181818
6037 0.181818
6041 0.5
6058 0.472527
6059 0.166667
6072 0.148148
6073 0.148148
6076 0.357143
6079 0.5
6080 0.428571
6085 0.5
6086 0.5
6091 0.333333
6092 0.333333
6093 0.333333
6096 0.333333
6097 0.333333
6098 0.333333
6099 0.5
6100 0.5
6101 0.5
6102 0.5
6103 0.5
6104 0.5
6105 0.5
6106 0.5
6107 0.5
6111 0.5
6112 0.5
6113 0.5
6126 0.123077
6135 0.459459
6136 0.459459
6137 0.384615
6141 0.4
6142 0.4
6143 0.25
6147 0.454545
6172 0.4
6173 0.428571
6176 0.24
6177 0.272727
6178 0.5
6180 0.4375
6186 0.4
6187 0.4
6188 0.428571
6189 0.428571
6190 0.428571
6191 0.4
6192 0.4
6197 0.333333
6204 0.5
6205 0.5
6206 0.5
6207 0.333333
6208 0.352941
6209 0.368421
6210 0.368421
6211 0.368421
6217 0.419355
6219 0.4
6220 0.4
6225 0.5
6226 0.5
6227 0.5
6228 0.5
6229 0.4
6230 0.4
6231 0.4
6232 0.4
6233 0.5
6235 0.475
6236 0.375
6238 0.142857
6239 0.333333
6244 0.2
6246 0.375
6253 0.214286
6254 0.214286
6255 0.494485
6256 0.48
6257 0.492063
6258 0.492063
6259 0.294118
6260 0.444444
6261 0.444444
6262 0.4
6263 0.4
6265 0.333333
6266 0.5
6267 0.333333
6275 0.222222
6276 0.222222
6281 0.347826
6285 0.142857
6287 0.428571
6288 0.454545
6289 0.454545
6291 0.285714
6292 0.285714
6293 0.285714
6294 0.285714
6295 0.5
6307 0.4
6308 0.4
6309 0.4
6310 0.4
6311 0.484848
6312 0.484848
6316 0.294118
6317 0.294118
6326 0.285714
6327 0.285714
6331 0.285714
6332 0.285714
6335 0.4375
6336 0.4375
6337 0.411765
6338 0.411765
6339 0.5
6340 0.5
6341 0.5
6342 0.5
6343 0.5
6345 0.5
6348 0.5
6349 0.5
6350 0.466667
6354 0.4
6355 0.4
6361 0.5
6366 0.4
6367 0.4
6368 0.4
6369 0.4
6370 0.5
6383 0.380952
6384 0.380952
6385 0.380952
6390 0.333333
6391 0.5
6392 0.5
6393 0.333333
6394 0.333333
6395 0.333333
6396 0.333333
6397 0.4
6407 0.333333
6409 0.5
6420 0.5
6421 0.5
6427 0.4
6429 0.5
6430 0.5
6431 0.5
6439 0.375
6440 0.117647
6441 0.117647
6448 0.363636
6449 0.363636
6450 0.5
6459 0.277778
6460 0.277778
6461 0.277778
6462 0.409091
6463 0.409091
6464 0.409091
6470 0.196429
6473 0.466667
6474 0.5
6476 0.428571
6477 0.428571
6478 0.428571
6482 0.5
6483 0.5
6484 0.5
6485 0.5
6486 0.5
6490 0.263158
6491 0.263158
6502 0.333333
6518 0.5
6519 0.444444
6520 0.444444
6521 0.444444
6522 0.5
6523 0.4
6528 0.472222
6529 0.472222
6530 0.472222
6531 0.472222
6532 0.461538
6533 0.461538
6534 0.461538
6535 0.461538
6536 0.428571
6544 0.454545
6545 0.454545
6553 0.285714
6571 0.294118
6573 0.35
6574 0.2
6583 0.2
6590 0.4
6609 0.5
6610 0.5
6611 0.222222
6615 0.428571
6616 0.428571
6617 0.4
6624 0.285714
6625 0.25
6639 0.4
6640 0.4
6641 0.375
6644 0.333333
6645 0.272727
6646 0.272727
6647 0.272727
6648 0.272727
6649 0.272727
6651 0.230769
6652 0.230769
6653 0.230769
6654 0.230769
6655 0.230769
6658 0.428571
6659 0.363636
6670 0.352941
6671 0.352941
6672 0.444444
6673 0.444444
6677 0.333333
6678 0.5
6680 0.428571
6681 0.428571
6682 0.428571
6683 0.322581
6692 0.375
6694 0.421053
6695 0.421053
6696 0.5
6697 0.5
6698 0.5
6699 0.5
6700 0.5
6701 0.5
6702 0.5
6709 0.5
6710 0.5
6711 0.5
6718 0.4
6722 0.5
6723 0.5
6724 0.5
6727 0.4
6728 0.4
6729 0.4
6730 0.4
6731 0.5
6732 0.5
6733 0.5
6737 0.375
6748 0.5
6749 0.470588
6750 0.470588
6752 0.42
6753 0.5
6754 0.5
6757 0.5
6767 0.2
6768 0.2
6773 0.375
6774 0.333333
6780 0.192308
6781 0.5
6782 0.413793
6783 0.413793
6784 0.413793
6785 0.413793
6791 0.5
6795 0.2
6805 0.4
6808 0.4
6810 0.3125
6814 0.478261
6815 0.478261
6816 0.478261
6817 0.478261
6818 0.428571
6819 0.428571
6820 0.428571
6822 0.409091
6823 0.380952
6827 0.333333
6828 0.5
6829 0.5
6830 0.454545
6831 0.296296
6845 0.363636
6846 0.375
6849 0.384615
6850 0.5
6851 0.5
6852 0.285714
6855 0.4
6856 0.5
6857 0.352941
6867 0.333333
6868 0.333333
6869 0.454545
6870 0.454545
6871 0.454545
6872 0.454545
6873 0.454545
6874 0.454545
6875 0.457143
6876 0.457143
6877 0.457143
6879 0.421053
6882 0.4
6883 0.4
6885 0.489796
6886 0.458333
6889 0.5
6890 0.333333
6891 0.333333
6892 0.333333
6893 0.309524
6894 0.309524
6895 0.309524
6915 0.142857
6916 0.142857
6917 0.142857
6918 0.142857
6923 0.375
6924 0.375
6929 0.444444
6930 0.444444
6938 0.4
6939 0.4
6940 0.4
6941 0.4
6943 0.133333
6944 0.133333
6945 0.133333
6946 0.133333
6949 0.25
6951 0.454545
6957 0.4
6959 0.5
6971 0.5
6972 0.5
6973 0.5
6974 0.5
6975 0.5
6976 0.5
6977 0.5
6978 0.25641
6984 0.363636
6988 0.5
6989 0.5
6990 0.5
6993 0.3
6994 0.5
6995 0.333333
6996 0.333333
7001 0.5
7005 0.222222
7008 0.454545
7009 0.454545
7010 0.454545
7016 0.285714
7019 0.333333
7029 0.5
7030 0.5
7031 0.5
7032 0.5
7033 0.4
7034 0.4
7035 0.5
7037 0.461538
7038 0.125
7039 0.3
7040 0.3
7041 0.5
7043 0.4
7044 0.4
7045 0.5
7046 0.333333
7047 0.333333
7048 0.333333
7051 0.35
7063 0.333333
7064 0.333333
7065 0.333333
7066 0.25
7071 0.4
7072 0.5
7073 0.5
7078 0.444444
7079 0.428571
7080 0.428571
7081 0.428571
7082 0.428571
7083 0.428571
7084 0.5
7085 0.5
7091 0.5
7097 0.285714
7098 0.466667
7099 0.466667
7100 0.466667
7101 0.25
7102 0.25
7103 0.25
7104 0.25
7111 0.5
7113 0.333333
7115 0.4
7116 0.4
7120 0.416667
7121 0.416667
7122 0.222222
7123 0.333333
7124 0.333333
7125 0.4
7126 0.357143
7127 0.357143
7128 0.391304
7129 0.391304
7130 0.391304
7138 0.47561
7139 0.25
7140 0.4
7159 0.185185
7164 0.4
7169 0.428571
7172 0.5
7173 0.333333
7174 0.384615
7175 0.444444
7182 0.444444
7202 0.3
7203 0.3
7204 0.3
7205 0.3
7206 0.3
7214 0.5
7216 0.333333
7217 0.333333
7218 0.333333
7219 0.333333
7220 0.333333
7223 0.307692
7233 0.222222
7240 0.25
7245 0.444444
7246 0.222222
7247 0.25
7255 0.363636
7256 0.363636
7258 0.5
7259 0.5
7260 0.5
7261 0.333333
7262 0.333333
7264 0.5
7265 0.5
7267 0.333333
7273 0.5
7274 0.5
7275 0.5
7276 0.5
7277 0.5
7278 0.5
7290 0.5
7291 0.444444
7292 0.444444
7293 0.444444
7297 0.444444
7298 0.5
7302 0.285714
7303 0.375
7304 0.375
7305 0.375
7306 0.375
7318 0.4
7326 0.5
7327 0.375
7328 0.375
7333 0.333333
7334 0.5
7335 0.5
7343 0.181818
7344 0.181818
7356 0.428571
7357 0.428571
7358 0.428571
7359 0.428571
7360 0.428571
7361 0.428571
7362 0.428571
7365 0.384615
7366 0.384615
7378 0.241379
7381 0.285714
7382 0.217391
7383 0.217391
7385 0.333333
7395 0.47561
7396 0.333333
7398 0.4
7399 0.4
7400 0.4
7401 0.225
7402 0.321429
7403 0.4
7404 0.4
7406 0.5
7407 0.5
7408 0.5
7418 0.4
7421 0.5
7422 0.5
7423 0.5
7425 0.444444
7426 0.444444
7427 0.444444
7428 0.444444
7431 0.230769
7432 0.230769
7435 0.5
7436 0.5
7443 0.416667
7444 0.416667
7445 0.416667
7446 0.3
7447 0.3
7448 0.3
7449 0.333333
7450 0.375
7457 0.428571
7458 0.428571
7459 0.5
7461 0.5
7462 0.5
7466 0.333333
7467 0.333333
7468 0.333333
7469 0.333333
7470 0.333333
7483 0.4
7486 0.4
7488 0.333333
7489 0.333333
7490 0.375
7491 0.375
7492 0.375
7497 0.375
7498 0.347826
7499 0.347826
7506 0.388889
7507 0.388889
7508 0.388889
7509 0.388889
7510 0.388889
7511 0.388889
7516 0.3125
7519 0.481481
7522 0.333333
7523 0.333333
7524 0.333333
7540 0.357143
7541 0.333333
7547 0.5
7548 0.5
7554 0.333333
7555 0.333333
7556 0.333333
7557 0.333333
7558 0.333333
7559 0.333333
7560 0.333333
7565 0.333333
7566 0.25
7572 0.5
7573 0.285714
7574 0.285714
7575 0.285714
7580 0.185185
7581 0.185185
7582 0.185185
7583 0.454545
7584 0.454545
7587 0.181818
7588 0.181818
7590 0.363636
7591 0.363636
7592 0.363636
7610 0.333333
7611 0.333333
7612 0.333333
7613 0.333333
7617 0.411765
7618 0.166667
7619 0.358974
7620 0.358974
7621 0.358974
7622 0.358974
7623 0.333333
7638 0.5
7639 0.428571
7644 0.458333
7645 0.461538
7650 0.25
7654 0.45
7655 0.5
7666 0.285714
7667 0.25
7668 0.25
7670 0.333333
7671 0.333333
7672 0.333333
7676 0.117647
7677 0.117647
7678 0.117647
7679 0.117647
7681 0.315789
7682 0.315789
7683 0.258065
7684 0.35
7685 0.4
7690 0.4375
7691 0.4
7697 0.166667
7701 0.5
7704 0.5
7706 0.5
7707 0.5
7708 0.363636
7709 0.363636
7710 0.363636
7713 0.4
7714 0.4
7715 0.428571
7716 0.428571
7717 0.428571
7718 0.428571
7719 0.428571
7721 0.461538
7722 0.461538
7732 0.3
7733 0.3
7734 0.3
7735 0.3
7741 0.416667
7743 0.451613
7744 0.1875
7745 0.1875
7746 0.1875
7747 0.333333
7748 0.266667
7753 0.25
7754 0.25
7755 0.25
7756 0.25
7759 0.333333
7760 0.25
7764 0.444444
7771 0.4
7772 0.485714
7773 0.485714
7774 0.25
7775 0.296296
7776 0.296296
7777 0.296296
7778 0.296296
7779 0.0967742
7780 0.0967742
7781 0.272727
7782 0.272727
7783 0.272727
7784 0.272727
7786 0.333333
7787 0.333333
7792 0.222222
7793 0.222222
7796 0.214286
7797 0.142857
7798 0.209302
7800 0.3
7806 0.461538
7817 0.4
7819 0.428571
7820 0.235294
7827 0.333333
7828 0.333333
7829 0.375
7832 0.5
7833 0.5
7834 0.5
7835 0.5
7836 0.5
7837 0.5
7858 0.5
7862 0.4
7868 0.230769
7869 0.230769
7870 0.454545
7874 0.333333
7877 0.25
7881 0.1875
7890 0.5
7891 0.5
7892 0.384615
7893 0.384615
7905 0.25
7911 0.35
7912 0.35
7913 0.35
7914 0.35
7915 0.35
7916 0.35
7917 0.5
7924 0.5
7932 0.461538
7933 0.461538
7935 0.5
7939 0.25
7940 0.25
7941 0.25
7944 0.5
7945 0.5
7946 0.5
7947 0.5
7964 0.342857
7966 0.5
7972 0.4
7973 0.4
7974 0.4
7975 0.4
7976 0.4
7977 0.4
7978 0.4
7979 0.4
7982 0.4
7983 0.411765
7984 0.411765
7993 0.365854
7996 0.5
7997 0.125
7998 0.4
7999 0.4
8004 0.2
8010 0.285714
8011 0.285714
8012 0.285714
8014 0.444444
8015 0.5
8016 0.5
8017 0.1875
8018 0.1875
8019 0.1875
8027 0.44
8028 0.44
8029 0.44
8030 0.5
8034 0.214286
8035 0.214286
8036 0.5
8037 0.5
8038 0.5
8049 0.375
8050 0.375
8051 0.375
8052 0.5
8053 0.5
8059 0.277778
8060 0.277778
8061 0.25
8062 0.25
8065 0.12
8066 0.5
8072 0.428571
8073 0.428571
8074 0.428571
8075 0.428571
8076 0.5
8089 0.5
8090 0.5
8091 0.181818
8093 0.428571
8096 0.5
8097 0.5
8098 0.5
8099 0.5
8113 0.131148
8122 0.333333
8123 0.333333
8131 0.363636
8132 0.5
8133 0.25
8134 0.333333
8140 0.4
8148 0.142857
8157 0.4
8158 0.4
8184 0.106383
8185 0.25
8186 0.25
8191 0.346154
8192 0.346154
8193 0.346154
8194 0.5
8195 0.5
8196 0.5
8197 0.263158
8198 0.263158
8201 0.272727
8203 0.428571
8204 0.426667
8205 0.5
8206 0.5
8207 0.5
8208 0.5
8209 0.5
8210 0.375
8211 0.5
8212 0.5
8213 0.5
8214 0.5
8215 0.285714
8217 0.5
8218 0.5
8219 0.5
8225 0.433962
8226 0.428571
8227 0.428571
8228 0.428571
8230 0.4
8244 0.428571
8245 0.5
8246 0.5
8247 0.5
8248 0.5
8250 0.5
8266 0.5
8267 0.428571
8268 0.1
8269 0.1
8270 0.1
8271 0.185185
8272 0.185185
8274 0.5
8280 0.285714
8282 0.5
8283 0.4
8284 0.5
8296 0.444444
8298 0.5
8300 0.5
8302 0.454545
8303 0.466667
8304 0.466667
8307 0.315789
8308 0.315789
8309 0.315789
8310 0.352941
8311 0.352941
8312 0.352941
8313 0.352941
8314 0.352941
8315 0.352941
8316 0.2
8318 0.285714
8319 0.285714
8320 0.285714
8321 0.296296
8322 0.5
8323 0.5
8324 0.5
8325 0.5
8333 0.3
8340 0.272727
8345 0.285714
8352 0.5
8354 0.5
8355 0.5
8356 0.4
8362 0.103448
8364 0.2
8365 0.461538
8366 0.25
8367 0.444444
8368 0.444444
8369 0.444444
8370 0.222222
8371 0.5
8372 0.5
8373 0.5
8374 0.333333
8375 0.352941
8376 0.352941
8387 0.428571
8388 0.428571
8393 0.454545
8397 0.444444
8398 0.444444
8401 0.333333
8402 0.333333
8403 0.333333
8406 0.375
8409 0.454545
8427 0.4
8434 0.5
8437 0.5
8438 0.4
8441 0.5
8442 0.3
8443 0.3
8444 0.3
8450 0.333333
8451 0.333333
8452 0.333333
8453 0.263158
8454 0.5
8458 0.333333
8459 0.333333
8463 0.5
8464 0.5
8465 0.5
8466 0.5
8467 0.5
8476 0.5
8477 0.5
8478 0.5
8479 0.5
8480 0.25
8484 0.4
8490 0.5
8491 0.5
8492 0.5
8493 0.5
8494 0.5
8495 0.428571
8506 0.222222
8507 0.222222
8508 0.375
8513 0.5
8514 0.5
8515 0.4
8516 0.4
8517 0.4
8518 0.25
8522 0.368421
8523 0.428571
8524 0.428571
8525 0.5
8526 0.4
8527 0.448276
8535 0.5
8536 0.5
8537 0.5
8547 0.5
8548 0.5
8549 0.5
8551 0.414634
8552 0.414634
8553 0.2
8561 0.473684
8562 0.473684
8563 0.473684
8564 0.5
8565 0.5
8566 0.5
8567 0.5
8568 0.5
8569 0.5
8570 0.5
8571 0.5
8572 0.5
8576 0.291667
8577 0.291667
8578 0.5
8579 0.230769
8580 0.5
8581 0.294118
8582 0.5
8583 0.5
8584 0.5
8585 0.5
8596 0.5
8597 0.5
8600 0.5
8602 0.5
8603 0.5
8604 0.384615
8605 0.384615
8609 0.285714
8610 0.285714
8611 0.15
8612 0.15
8613 0.153846
8614 0.153846
8616 0.36
8617 0.36
8618 0.36
8619 0.36
8621 0.269231
8626 0.5
8627 0.5
8629 0.5
8638 0.25
8660 0.428571
8661 0.454545
8664 0.5
8665 0.5
8666 0.5
8667 0.5
8671 0.235294
8676 0.375
8677 0.375
8685 0.375
8686 0.428571
8694 0.5
8700 0.428571
8702 0.333333
8703 0.333333
8704 0.333333
8705 0.4375
8706 0.4375
8707 0.230769
8708 0.230769
8709 0.230769
8710 0.230769
8711 0.230769
8713 0.391304
8714 0.391304
8715 0.391304
8720 0.2
8723 0.133333
8726 0.4
8727 0.4
8728 0.2
8729 0.333333
8735 0.1875
8737 0.375
8738 0.166667
8739 0.166667
8740 0.166667
8741 0.478261
8746 0.4
8747 0.4
8748 0.4
8749 0.4
8750 0.4
8751 0.4
8753 0.5
8754 0.5
8760 0.133333
8761 0.133333
8772 0.4
8773 0.4
8774 0.4
8775 0.4
8784 0.5
8787 0.5
8788 0.5
8791 0.222222
8792 0.4
8798 0.272727
8799 0.272727
8800 0.272727
8804 0.166667
8805 0.5
8806 0.5
8821 0.4
8827 0.428571
8828 0.428571
8832 0.2
8834 0.375
8835 0.375
8841 0.333333
8842 0.333333
8844 0.444444
8851 0.5
8854 0.5
8855 0.5
8858 0.307692
8859 0.307692
8860 0.5
8861 0.5
8862 0.5
8863 0.222222
8864 0.222222
8865 0.222222
8866 0.222222
8867 0.222222
8874 0.461538
8875 0.461538
8878 0.333333
8879 0.333333
8880 0.333333
8881 0.333333
8882 0.333333
8883 0.333333
8884 0.333333
8885 0.289474
8886 0.4
8892 0.117647
8900 0.218182
8901 0.166667
8902 0.166667
8903 0.266667
8904 0.428571
8905 0.428571
8906 0.428571
8907 0.428571
8909 0.4
8914 0.5
8916 0.363636
8917 0.4
8918 0.4
8919 0.4
8922 0.5
8926 0.403226
8927 0.403226
8928 0.5
8930 0.452381
8931 0.452381
8932 0.452381
8941 0.375
8942 0.375
8943 0.375
8944 0.375
8947 0.25
8949 0.285714
8950 0.5
8952 0.375
8955 0.214286
8957 0.323529
8965 0.3
8970 0.5
8973 0.5
8974 0.5
8975 0.5
8984 0.428571
8985 0.428571
8986 0.285714
8987 0.285714
8988 0.285714
8995 0.25
8996 0.25
9003 0.380952
9005 0.5
9009 0.5
9010 0.5
9011 0.5
9018 0.5
9021 0.444444
9031 0.5
9032 0.5
9033 0.5
9043 0.333333
9044 0.333333
9045 0.333333
9046 0.333333
9047 0.333333
9048 0.333333
9049 0.333333
9053 0.5
9054 0.5
9055 0.384615
9056 0.384615
9059 0.333333
9069 0.454545
9073 0.294118
9074 0.285714
9075 0.285714
9076 0.285714
9079 0.4
9080 0.394737
9084 0.5
9096 0.294118
9097 0.294118
9101 0.3
9102 0.3
9110 0.5
9111 0.5
9112 0.5
9113 0.5
9114 0.5
9115 0.5
9116 0.5
9125 0.142857
9126 0.142857
9127 0.142857
9128 0.142857
9129 0.142857
9130 0.454545
9131 0.4
9136 0.25
9137 0.202532
9138 0.202532
9139 0.202532
9140 0.202532
9141 0.202532
9142 0.202532
9143 0.202532
9146 0.444444
9148 0.5
9149 0.5
9150 0.5
9151 0.454545
9155 0.333333
9157 0.5
9158 0.5
9159 0.5
9160 0.5
9161 0.25
9166 0.166667
9172 0.2
9173 0.2
9174 0.2
9175 0.47619
9182 0.5
9189 0.5
9190 0.5
9197 0.25
9198 0.5
9201 0.5
9202 0.5
9203 0.5
9204 0.5
9205 0.35
9206 0.35
9217 0.4
9218 0.4
9219 0.388889
9220 0.388889
9225 0.25
9232 0.473684
9236 0.5
9237 0.391304
9245 0.3
9246 0.272727
9250 0.181818
9251 0.181818
9252 0.375
9253 0.5
9262 0.4
9263 0.25
9264 0.25
9265 0.25
9266 0.444444
9267 0.444444
9268 0.222222
9270 0.333333
9271 0.333333
9277 0.3125
9283 0.5
9289 0.5
9290 0.5
9294 0.4
9295 0.4
9296 0.333333
9297 0.5
9298 0.5
9299 0.5
9300 0.5
9301 0.333333
9319 0.451613
9320 0.451613
9321 0.451613
9322 0.428571
9330 0.363636
9331 0.5
9332 0.5
9341 0.5
9342 0.5
9345 0.181818
9355 0.5
9356 0.416667
9371 0.142857
9373 0.4
9374 0.4
9376 0.5
9379 0.217391
9380 0.217391
9381 0.217391
9382 0.217391
9385 0.5
9387 0.285714
9394 0.125
9395 0.125
9396 0.125
9397 0.125
9398 0.125
9399 0.25
9401 0.368421
9402 0.285714
9403 0.461538
9414 0.4
9415 0.4
9416 0.4
9419 0.5
9420 0.5
9424 0.4
9429 0.357143
9432 0.5
9433 0.363636
9434 0.166667
9435 0.166667
9436 0.166667
9441 0.5
9442 0.25
9443 0.25
9446 0.428571
9451 0.307692
9452 0.307692
9453 0.307692
9454 0.333333
9456 0.333333
9461 0.4
9462 0.333333
9470 0.151515
9472 0.5
9473 0.5
9482 0.25
9483 0.25
9484 0.25
9485 0.25
9493 0.486111
9504 0.5
9511 0.5
9513 0.117647
9514 0.5
9517 0.333333
9518 0.333333
9526 0.363636
9527 0.363636
9528 0.363636
9535 0.5
9536 0.5
9542 0.5
9546 0.222222
9549 0.40625
9550 0.181818
9551 0.181818
9552 0.2
9558 0.5
9559 0.5
9560 0.5
9561 0.5
9562 0.272727
9565 0.5
9566 0.5
9567 0.4
9568 0.4
9569 0.4
9570 0.4
9575 0.375
9576 0.375
9577 0.375
9591 0.5
9592 0.428571
9593 0.428571
9594 0.4
9595 0.4
9607 0.4
9608 0.4
9609 0.4
9610 0.4
9614 0.25
9615 0.25
9616 0.133333
9617 0.133333
9621 0.210526
9629 0.166667
9630 0.47619
9631 0.47619
9632 0.47619
9636 0.470588
9642 0.5
9643 0.5
9646 0.181818
9647 0.4
9651 0.235294
9652 0.235294
9653 0.2
9654 0.2
9655 0.2
9656 0.2
9657 0.2
9658 0.2
9659 0.444444
9671 0.5
9672 0.5
9673 0.5
9674 0.4
9684 0.233333
9685 0.416667
9686 0.416667
9687 0.416667
9688 0.416667
9689 0.416667
9690 0.375
9691 0.375
9692 0.5
9693 0.5
9695 0.222222
9696 0.222222
9697 0.222222
9698 0.222222
9704 0.5
9705 0.333333
9706 0.333333
9710 0.222222
9711 0.222222
9712 0.222222
9716 0.4
9717 0.5
9718 0.361111
9719 0.361111
9721 0.259259
9722 0.259259
9727 0.5
9728 0.5
9729 0.5
9730 0.428571
9731 0.375
9732 0.375
9733 0.375
9734 0.375
9735 0.375
9736 0.375
9739 0.208333
9740 0.208333
9747 0.404255
9751 0.458333
9752 0.142857
9753 0.142857
9754 0.142857
9755 0.375
9757 0.2
9758 0.444444
9761 0.333333
9769 0.333333
9773 0.454545
9785 0.5
9788 0.5
9789 0.5
9790 0.5
9791 0.5
9792 0.5
9796 0.195652
9804 0.333333
9805 0.333333
9806 0.333333
9807 0.4
9808 0.4
9809 0.4
9810 0.5
9811 0.5
9812 0.5
9816 0.272727
9822 0.413793
9823 0.413793
9825 0.5
9829 0.5
9831 0.25
9840 0.5
9841 0.5
9842 0.5
9846 0.477273
9847 0.477273
9848 0.477273
9849 0.477273
9850 0.290323
9852 0.333333
9853 0.5
9854 0.322581
9855 0.322581
9859 0.5
9861 0.294118
9862 0.294118
9863 0.294118
9864 0.294118
9865 0.294118
9866 0.294118
9867 0.294118
9868 0.294118
9869 0.294118
9870 0.294118
9871 0.294118
9872 0.294118
9883 0.416667
9884 0.142857
9885 0.142857
9887 0.5
9888 0.5
9889 0.5
9890 0.5
9891 0.5
9892 0.375
9893 0.375
9894 0.375
9895 0.5
9896 0.5
9897 0.5
9898 0.5
9899 0.5
9900 0.5
9904 0.235294
9905 0.235294
9915 0.4
9917 0.222222
9918 0.222222
9919 0.222222
9920 0.222222
9921 0.222222
9924 0.4
9929 0.4
9930 0.4
9938 0.285714
9939 0.285714
9940 0.285714
9941 0.285714
9942 0.285714
9943 0.5
9944 0.181818
9945 0.5
9946 0.5
9947 0.5
9949 0.484848
9950 0.484848
9951 0.222222
9952 0.222222
9954 0.285714
9955 0.285714
9960 0.454545
9961 0.454545
9962 0.454545
9963 0.454545
9976 0.428571
9979 0.5
9980 0.5
9981 0.5
9982 0.363636
9984 0.392857
9985 0.392857
9993 0.142857
9996 0.428571
10008 0.444444
10009 0.4
10012 0.222222
10019 0.4
10025 0.461538
10036 0.181818
10037 0.333333
10038 0.4
10041 0.45098
10042 0.222222
10050 0.285714
10068 0.285714
10069 0.285714
10070 0.285714
10071 0.285714
10072 0.222222
10073 0.222222
10074 0.222222
10077 0.428571
10078 0.428571
10098 0.375
10099 0.375
10100 0.375
10101 0.4
10104 0.363636
10105 0.222222
10127 0.5
10132 0.2
10137 0.5
10141 0.4
10144 0.423077
10146 0.5
10151 0.5
10158 0.285714
10167 0.49505
10169 0.25
10171 0.5
10172 0.4
10173 0.25
10179 0.222222
10180 0.222222
10181 0.222222
10184 0.222222
10185 0.461538
10186 0.333333
10187 0.333333
10188 0.5
10189 0.5
10193 0.444444
10198 0.5
10199 0.5
10200 0.5
10201 0.5
10206 0.5
10210 0.5
10222 0.105263
10224 0.333333
10234 0.4
10235 0.4
10250 0.3
10255 0.5
10256 0.5
10262 0.5
10263 0.5
10264 0.333333
10271 0.5
10272 0.5
10273 0.25
10274 0.230769
10279 0.230769
10280 0.32
10287 0.35
10291 0.296296
10292 0.363636
10293 0.363636
10309 0.5
10310 0.190476
10312 0.285714
10313 0.285714
10315 0.222222
10316 0.222222
10317 0.222222
10318 0.222222
10319 0.222222
10320 0.222222
10324 0.428571
10325 0.428571
10326 0.428571
10334 0.434783
10335 0.333333
10336 0.5
10346 0.2
10347 0.2
10349 0.5
10350 0.5
10356 0.5
10361 0.333333
10362 0.333333
10364 0.3
10365 0.461538
10366 0.461538
10367 0.461538
10368 0.3
10369 0.5
10370 0.5
10371 0.375
10372 0.375
10373 0.375
10383 0.263158
10384 0.263158
10385 0.5
10386 0.4
10388 0.375
10389 0.375
10390 0.375
10391 0.375
10392 0.4
10393 0.4
10394 0.4
10395 0.4
10397 0.4
10398 0.4
10399 0.4
10400 0.4
10401 0.4
10402 0.4
10412 0.214286
10413 0.214286
10414 0.333333
10415 0.333333
10416 0.333333
10417 0.333333
10418 0.333333
10419 0.333333
10420 0.441176
10421 0.25
10430 0.2
10431 0.2
10435 0.446809
10440 0.333333
10441 0.333333
10442 0.333333
10443 0.454545
10456 0.363636
10457 0.272727
10458 0.272727
10464 0.5
10469 0.461538
10470 0.4
10479 0.111111
10480 0.4
10481 0.4
10482 0.4
10486 0.5
10487 0.285714
10488 0.285714
10497 0.5
10498 0.5
10499 0.428571
10504 0.222222
10505 0.222222
10509 0.5
10511 0.4
10512 0.5
10513 0.5
10514 0.333333
10515 0.333333
10516 0.333333
10517 0.25
10521 0.4
10522 0.4
10523 0.4
10524 0.5
10525 0.5
10526 0.5
10527 0.454545
10531 0.4
10532 0.4
10534 0.438356
10535 0.333333
10536 0.383562
10537 0.383562
10538 0.383562
10539 0.383562
10540 0.384615
10541 0.384615
10542 0.384615
10543 0.384615
10544 0.384615
10545 0.2
10546 0.2
10555 0.333333
10561 0.5
10562 0.5
10563 0.5
10564 0.5
10565 0.5
10579 0.366667
10583 0.5
10584 0.5
10585 0.5
10586 0.5
10593 0.5
10600 0.227273
10601 0.227273
10610 0.4
10611 0.4
10612 0.5
10613 0.5
10614 0.5
10617 0.357143
10619 0.214286
10620 0.307692
10622 0.363636
10624 0.25
10629 0.4
10630 0.4
10631 0.4
10635 0.428571
10642 0.444444
10648 0.272727
10649 0.4
10650 0.333333
10651 0.485714
10652 0.485714
10653 0.485714
10661 0.371429
10662 0.371429
10663 0.371429
10664 0.371429
10668 0.5
10672 0.294118
10676 0.5
10686 0.333333
10687 0.333333
10694 0.5
10695 0.5
10696 0.5
10698 0.5
10699 0.5
10700 0.5
10701 0.45
10702 0.4
10709 0.333333
10710 0.5
10711 0.454545
10712 0.454545
10719 0.25
10727 0.4
10728 0.4
10729 0.4
10730 0.4
10732 0.454545
10733 0.454545
10734 0.454545
10737 0.5
10738 0.5
10742 0.333333
10743 0.366667
10751 0.375
10752 0.375
10757 0.4
10758 0.363636
10759 0.363636
10760 0.363636
10761 0.363636
10762 0.363636
10763 0.363636
10764 0.363636
10765 0.363636
10769 0.4
10781 0.25
10790 0.5
10796 0.333333
10798 0.375
10799 0.375
10800 0.375
10801 0.375
10803 0.15
10804 0.15
10805 0.15
10806 0.25
10809 0.296296
10810 0.296296
10811 0.296296
10816 0.333333
10819 0.142857
10820 0.285714
10821 0.285714
10822 0.285714
10827 0.285714
10828 0.285714
10829 0.285714
10831 0.26506
10832 0.26506
10833 0.4
10834 0.428571
10835 0.344828
10836 0.344828
10837 0.25
10842 0.2
10845 0.5
10854 0.195122
10867 0.454545
10869 0.416667
10870 0.416667
10871 0.416667
10872 0.416667
10873 0.416667
10874 0.416667
10880 0.285714
10881 0.357143
10882 0.375
10883 0.375
10884 0.375
10885 0.375
10886 0.375
10887 0.5
10888 0.4
10889 0.4
10891 0.363636
10892 0.363636
10893 0.428571
10894 0.428571
10895 0.428571
10896 0.428571
10897 0.428571
10898 0.428571
10899 0.428571
10900 0.363636
10901 0.363636
10903 0.5
10904 0.5
10905 0.5
10906 0.5
10907 0.5
10908 0.333333
10909 0.428571
10910 0.428571
10911 0.428571
10912 0.428571
10920 0.277778
10921 0.277778
10923 0.5
10925 0.4
10932 0.2
10933 0.285714
10934 0.285714
10935 0.285714
10936 0.39759
10937 0.39759
10938 0.39759
10939 0.39759
10942 0.5
10943 0.5
10944 0.5
10945 0.5
10948 0.4
10949 0.4
10952 0.5
10953 0.5
10954 0.4
10955 0.4
10956 0.4
10959 0.428571
10960 0.428571
10961 0.5
10962 0.5
10963 0.5
10965 0.461538
10966 0.333333
10967 0.5
10968 0.375
10969 0.375
10970 0.375
10971 0.375
10975 0.375
10991 0.214286
10992 0.285714
10993 0.285714
10994 0.5
11001 0.333333
11002 0.333333
11003 0.333333
11004 0.333333
11005 0.333333
11006 0.461538
11007 0.461538
11012 0.333333
11013 0.333333
11014 0.333333
11019 0.307692
11023 0.470588
11024 0.470588
11025 0.470588
11027 0.5
11033 0.333333
11034 0.333333
11035 0.333333
11036 0.333333
11037 0.454545
11038 0.454545
11039 0.454545
11040 0.454545
11041 0.454545
11042 0.454545
11043 0.454545
11044 0.222222
11045 0.222222
11046 0.466667
11047 0.466667
11048 0.4
11049 0.4
11050 0.458333
11056 0.4
11057 0.4
11058 0.4
11059 0.4
11060 0.4
11061 0.4
11062 0.4
11063 0.4
11064 0.2
11065 0.2
11068 0.190476
11069 0.142857
11071 0.333333
11072 0.450549
11084 0.4375
11085 0.44898
11089 0.4
11090 0.4
11091 0.4
11092 0.4
11099 0.352941
11100 0.4
11103 0.25
11104 0.25
11112 0.2
11113 0.2
11114 0.2
11115 0.2
11128 0.5
11129 0.5
11130 0.5
11131 0.5
11137 0.5
11138 0.5
11139 0.5
11140 0.5
11141 0.484848
11142 0.363636
11143 0.363636
11144 0.30303
11153 0.4
11154 0.4
11155 0.4
11162 0.5
11163 0.5
11178 0.4
11179 0.4
11183 0.285714
11184 0.285714
11185 0.285714
11186 0.285714
11187 0.285714
11188 0.285714
11189 0.285714
11190 0.5
11191 0.5
11192 0.5
11193 0.5
11202 0.444444
11203 0.444444
11204 0.444444
11205 0.444444
11206 0.444444
11207 0.444444
11209 0.481481
11210 0.481481
11211 0.481481
11212 0.481481
11213 0.481481
11214 0.481481
11215 0.4375
11219 0.5
11221 0.470588
11223 0.5
11229 0.277778
11230 0.277778
11231 0.4
11232 0.4
11241 0.4
11242 0.4
11243 0.4
11252 0.25
11253 0.14
11255 0.333333
11259 0.5
11260 0.363636
11261 0.363636
11262 0.363636
11263 0.363636
11264 0.5
11265 0.5
11266 0.5
11267 0.5
11270 0.384615
11271 0.384615
11272 0.384615
11273 0.5
11275 0.4
11276 0.333333
11281 0.5
11282 0.5
11290 0.428571
11291 0.428571
11292 0.4
11293 0.4
11296 0.333333
11297 0.333333
11298 0.5
11299 0.5
11300 0.5
11301 0.5
11305 0.5
11306 0.5
11310 0.285714
11311 0.357143
11313 0.375
11314 0.285714
11315 0.285714
11316 0.285714
11324 0.26087
11334 0.5
11335 0.5
11336 0.44898
11337 0.2
11338 0.2
11344 0.4
11345 0.4
11347 0.4
11348 0.461538
11349 0.461538
11350 0.44898
11351 0.44898
11352 0.44898
11353 0.44898
11363 0.222222
11364 0.5
11365 0.347826
11366 0.347826
11370 0.5
11371 0.5
11381 0.428571
11382 0.428571
11383 0.428571
11387 0.5
11394 0.363636
11395 0.5
11396 0.5
11400 0.380952
11405 0.5
11406 0.5
11411 0.25
11412 0.25
11413 0.25
11418 0.421053
11419 0.421053
11420 0.421053
11421 0.421053
11422 0.413793
11426 0.444444
11427 0.444444
11428 0.444444
11429 0.444444
11430 0.5
11431 0.5
11432 0.5
11434 0.466667
11435 0.466667
11436 0.466667
11437 0.466667
11438 0.466667
11445 0.423077
11446 0.423077
11449 0.428571
11450 0.428571
11451 0.428571
11452 0.428571
11453 0.428571
11454 0.428571
11461 0.375
11462 0.5
11463 0.4
11464 0.375
11469 0.5
11470 0.428571
11474 0.444444
11477 0.5
11490 0.3125
11491 0.3125
11492 0.3125
11493 0.5
11494 0.5
11498 0.5
11499 0.4375
11500 0.4375
11507 0.4
11508 0.355932
11509 0.355932
11510 0.337349
11511 0.337349
11512 0.337349
11513 0.337349
11514 0.451613
11515 0.451613
11516 0.451613
11517 0.451613
11518 0.416667
11524 0.428571
11525 0.428571
11540 0.4
11541 0.4
11542 0.4
11543 0.4
11544 0.4
11547 0.4
11548 0.4
11549 0.5
11550 0.5
11551 0.5
11552 0.5
11553 0.5
11554 0.285714
11555 0.285714
11556 0.285714
11557 0.333333
11558 0.333333
11559 0.333333
11565 0.5
11566 0.222222
11571 0.428571
11573 0.5
11574 0.5
11575 0.5
11576 0.5
11578 0.230769
11587 0.0952381
11588 0.3
11590 0.466667
11618 0.25
11619 0.25
11620 0.25
11621 0.25
11622 0.5
11623 0.5
11624 0.5
11625 0.304348
11626 0.304348
11627 0.5
11628 0.5
11629 0.5
11630 0.5
11631 0.5
11632 0.5
11635 0.285714
11636 0.4
11637 0.4
11638 0.4
11640 0.4
11641 0.4
11644 0.333333
11654 0.428571
11657 0.230769
11658 0.4
11659 0.4
11660 0.4
11672 0.5
11673 0.5
11674 0.5
11675 0.450617
11676 0.450617
11677 0.285714
11678 0.285714
11679 0.285714
11684 0.285714
11685 0.285714
11686 0.333333
11687 0.4
11690 0.444444
11696 0.157895
11697 0.5
11698 0.5
11699 0.5
11705 0.4
11706 0.5
11707 0.434783
11708 0.5
11709 0.428571
11710 0.428571
11711 0.45283
11712 0.45283
11716 0.5
11725 0.384615
11726 0.384615
11727 0.333333
11728 0.470588
11729 0.470588
11746 0.444444
11747 0.444444
11748 0.272727
11750 0.3
11751 0.375
11753 0.333333
11754 0.25
11755 0.25
11757 0.5
11758 0.444444
11759 0.444444
11760 0.444444
11761 0.428571
11762 0.5
11763 0.5
11764 0.5
11765 0.5
11766 0.5
11767 0.5
11768 0.5
11769 0.25
11770 0.5
11774 0.428571
11775 0.428571
11776 0.428571
11778 0.5
11779 0.5
11780 0.5
11781 0.5
11782 0.5
11783 0.5
11784 0.5
11785 0.5
11786 0.5
11787 0.5
11788 0.285714
11800 0.428571
11810 0.285714
11811 0.285714
11822 0.5
11823 0.5
11824 0.5
11825 0.416667
11826 0.272727
11828 0.5
11829 0.5
11830 0.5
11831 0.5
11832 0.285714
11833 0.4
11834 0.4
11835 0.4
11836 0.5
11839 0.4
11840 0.4
11843 0.444444
11844 0.444444
11849 0.166667
11850 0.166667
11851 0.166667
11852 0.166667
11853 0.25
11854 0.25
11855 0.25
11856 0.25
11857 0.25
11858 0.25
11863 0.5
11865 0.3
11866 0.3
11867 0.3
11868 0.3
11873 0.2
11875 0.5
11882 0.4
11891 0.4
11892 0.4
11893 0.4
11896 0.5
11901 0.176471
11902 0.176471
11904 0.486486
11905 0.486486
11906 0.428571
11907 0.428571
11908 0.428571
11909 0.428571
11915 0.375
11916 0.25
11917 0.25
11918 0.25
11919 0.25
11920 0.25
11921 0.25
11922 0.25
11923 0.25
11926 0.4
11927 0.4
11930 0.294118
11931 0.294118
11932 0.294118
11933 0.294118
11934 0.294118
11936 0.5
11937 0.5
11938 0.5
11939 0.5
11940 0.5
11941 0.5
11946 0.5
11947 0.5
11949 0.36
11954 0.333333
11955 0.333333
11956 0.333333
11957 0.333333
11958 0.5
11964 0.5
11965 0.5
11966 0.5
11970 0.5
11971 0.5
11974 0.4
11978 0.28169
11979 0.3125
11985 0.333333
11986 0.333333
12000 0.444444
12002 0.333333
12004 0.5
12005 0.5
12009 0.285714
12010 0.377778
12014 0.25
12015 0.444444
12017 0.454545
12018 0.5
12021 0.285714
12022 0.4
12029 0.153846
12031 0.5
12032 0.5
12033 0.5
12034 0.5
12035 0.5
12041 0.387755
12042 0.5
12043 0.5
12044 0.5
12047 0.333333
12048 0.428571
12049 0.368421
12053 0.5
12057 0.5
12060 0.4
12061 0.4
12062 0.428571
12064 0.272727
12065 0.272727
12073 0.375
12076 0.409091
12077 0.4375
12080 0.222222
12081 0.333333
12082 0.333333
12087 0.25
12091 0.4
12094 0.5
12095 0.5
12099 0.5
12100 0.5
12101 0.5
12104 0.28
12105 0.28
12106 0.28
12113 0.352941
12118 0.5
12119 0.333333
12120 0.222222
12121 0.181818
12122 0.181818
12123 0.4
12124 0.444444
12125 0.444444
12128 0.333333
12129 0.4
12135 0.5
12140 0.285714
12143 0.285714
12144 0.363636
12156 0.333333
12159 0.5
12160 0.5
12166 0.222222
12167 0.222222
12168 0.222222
12169 0.222222
12173 0.25
12182 0.416667
12189 0.5
12190 0.428571
12191 0.428571
12195 0.285714
12196 0.4
12197 0.333333
12198 0.333333
12199 0.4
12200 0.333333
12201 0.181818
12202 0.222222
12203 0.4
12208 0.428571
12209 0.428571
12210 0.428571
12211 0.333333
12212 0.333333
12213 0.333333
12221 0.5
12222 0.5
12223 0.478261
12228 0.4
12229 0.4
12230 0.5
12231 0.230769
12246 0.414141
12248 0.357143
12258 0.5
12268 0.5
12269 0.5
12271 0.407407
12272 0.272727
12273 0.272727
12274 0.272727
12275 0.272727
12276 0.272727
12277 0.333333
12278 0.333333
12283 0.4
12284 0.4
12285 0.4
12286 0.5
12289 0.4
12290 0.230769
12291 0.25
12293 0.47619
12294 0.333333
12297 0.5
12298 0.5
12309 0.333333
12310 0.333333
12311 0.285714
12313 0.428571
12314 0.428571
12315 0.428571
12316 0.428571
12317 0.428571
12318 0.428571
12319 0.428571
12320 0.428571
12322 0.428571
12323 0.428571
12324 0.444444
12325 0.5
12326 0.428571
12327 0.428571
12335 0.4
12346 0.392857
12347 0.392857
12353 0.285714
12357 0.428571
12358 0.428571
12359 0.428571
12360 0.428571
12361 0.34375
12362 0.34375
12363 0.34375
12377 0.428571
12378 0.428571
12379 0.5
12380 0.5
12384 0.25
12385 0.25
12386 0.25
12387 0.25
12391 0.4
12396 0.4
12397 0.4
12398 0.4
12399 0.4
12400 0.4
12401 0.4
12407 0.285714
12410 0.333333
12411 0.333333
12412 0.333333
12417 0.5
12420 0.428571
12421 0.428571
12425 0.5
12428 0.142857
12429 0.142857
12436 0.5
12437 0.5
12440 0.5
12441 0.333333
12442 0.333333
12444 0.5
12446 0.176471
12447 0.176471
12451 0.5
12467 0.333333
12468 0.333333
12469 0.333333
12470 0.125
12471 0.166667
12475 0.444444
12476 0.444444
12480 0.5
12481 0.5
12483 0.440559
12486 0.375
12491 0.5
12492 0.5
12493 0.4
12494 0.4
12500 0.363636
12501 0.363636
12502 0.363636
12503 0.176471
12504 0.176471
12505 0.176471
12506 0.176471
12507 0.176471
12508 0.176471
12509 0.176471
12510 0.176471
12511 0.4
12517 0.142857
12520 0.5
12521 0.5
12524 0.285714
12534 0.5
12535 0.5
12536 0.5
12540 0.5
12541 0.266667
12542 0.5
12543 0.125
12549 0.371429
12550 0.371429
12551 0.371429
12554 0.363636
12555 0.363636
12556 0.363636
12565 0.363636
12566 0.363636
12567 0.363636
12568 0.142857
12569 0.142857
12570 0.142857
12571 0.142857
12572 0.142857
12576 0.438596
12582 0.5
12590 0.5
12603 0.384615
12605 0.4
12607 0.4
12608 0.4
12617 0.333333
12624 0.5
12625 0.5
12626 0.5
12633 0.5
12634 0.5
12635 0.4
12636 0.4
12637 0.285714
12638 0.285714
12639 0.285714
12640 0.333333
12643 0.5
12644 0.5
12645 0.5
12646 0.5
12647 0.5
12648 0.5
12649 0.5
12652 0.388889
12653 0.388889
12654 0.388889
12655 0.470588
12656 0.428571
12657 0.428571
12658 0.333333
12659 0.333333
12660 0.333333
12666 0.285714
12667 0.307692
12668 0.307692
12669 0.307692
12670 0.307692
12671 0.307692
12672 0.307692
12673 0.307692
12686 0.5
12687 0.5
12690 0.230769
12691 0.230769
12692 0.230769
12693 0.222222
12700 0.421053
12701 0.5
12702 0.5
12703 0.5
12704 0.5
12705 0.5
12717 0.3
12719 0.272727
12720 0.272727
12721 0.272727
12725 0.5
12734 0.333333
12735 0.384615
12736 0.384615
12737 0.5
12738 0.5
12739 0.5
12740 0.5
12744 0.289474
12745 0.289474
12746 0.289474
12750 0.466667
12755 0.4
12756 0.4
12757 0.4
12759 0.5
12762 0.466667
12766 0.454545
12770 0.5
12773 0.396825
12774 0.333333
12775 0.333333
12779 0.2
12780 0.2
12781 0.2
12782 0.2
12786 0.5
12788 0.5
12789 0.5
12790 0.5
12791 0.5
12797 0.4
12798 0.4
12799 0.2
12800 0.2
12801 0.2
12802 0.2
12806 0.285714
12807 0.285714
12808 0.285714
12809 0.285714
12810 0.285714
12811 0.5
12815 0.333333
12816 0.333333
12826 0.5
12827 0.5
12828 0.5
12829 0.5
12830 0.5
12831 0.5
12834 0.125
12835 0.428571
12836 0.428571
12842 0.5
12843 0.5
12844 0.3
12846 0.5
12847 0.333333
12854 0.285714
12855 0.125
12856 0.5
12857 0.416667
12861 0.5
12865 0.4375
12866 0.4375
12867 0.4375
12868 0.416667
12870 0.428571
12871 0.428571
12872 0.466667
12875 0.4
12876 0.4
12882 0.5
12883 0.5
12885 0.333333
12886 0.333333
12887 0.333333
12895 0.416667
12896 0.416667
12897 0.416667
12898 0.454545
12899 0.454545
12903 0.181818
12912 0.5
12926 0.5
12931 0.318182
12932 0.318182
12934 0.484848
12935 0.4
12936 0.4
12937 0.5
12938 0.5
12939 0.5
12940 0.5
12941 0.5
12942 0.5
12943 0.5
12944 0.5
12945 0.5
12946 0.444444
12951 0.4
12952 0.4
12955 0.285714
12956 0.285714
12966 0.4
12967 0.4
12975 0.491667
12976 0.491667
12977 0.491667
12982 0.25
12984 0.214286
12985 0.3
12988 0.25
12989 0.333333
12990 0.4
12995 0.333333
12999 0.444444
13000 0.444444
13001 0.444444
13005 0.222222
13006 0.222222
13007 0.461538
13008 0.357143
13009 0.357143
13019 0.5
13020 0.5
13021 0.5
13034 0.5
13035 0.4
13036 0.4
13055 0.285714
13056 0.285714
13061 0.44
13064 0.5
13066 0.4
13067 0.4
13068 0.333333
13073 0.333333
13074 0.333333
13075 0.333333
13076 0.333333
13078 0.285714
13079 0.285714
13084 0.5
13094 0.444444
13095 0.444444
13096 0.444444
13098 0.5
13099 0.5
13106 0.428571
13110 0.5
13115 0.478261
13119 0.227273
13120 0.227273
13121 0.333333
13122 0.333333
13123 0.5
13124 0.428571
13125 0.5
13136 0.2
13137 0.2
13138 0.2
13139 0.2
13140 0.2
13141 0.2
13147 0.5
13148 0.5
13150 0.5
13154 0.307692
13155 0.307692
13156 0.333333
13157 0.333333
13158 0.333333
13159 0.333333
13160 0.333333
13161 0.333333
13163 0.5
13174 0.428571
13178 0.222222
13179 0.428571
13181 0.333333
13182 0.333333
13188 0.294118
13189 0.2
13193 0.117647
13213 0.333333
13216 0.25
13217 0.285714
13224 0.4
13228 0.5
13229 0.5
13230 0.5
13231 0.5
13235 0.294118
13236 0.4
13237 0.4
13238 0.5
13239 0.5
13240 0.5
13241 0.5
13254 0.357143
13255 0.357143
13260 0.4375
13262 0.285714
13263 0.285714
13264 0.285714
13272 0.428571
13273 0.428571
13274 0.5
13275 0.5
13276 0.5
13277 0.5
13278 0.5
13290 0.392857
13291 0.392857
13292 0.392857
13294 0.444444
13295 0.333333
13296 0.333333
13297 0.5
13298 0.428571
13299 0.272727
13302 0.5
13308 0.5
13311 0.333333
13312 0.472222
13313 0.472222
13314 0.4
13315 0.4
13316 0.4
13330 0.285714
13331 0.285714
13332 0.285714
13333 0.285714
13334 0.272727
13335 0.272727
13344 0.25
13345 0.333333
13346 0.214286
13351 0.392857
13353 0.5
13354 0.4
13355 0.461538
13357 0.333333
13358 0.333333
13361 0.25
13362 0.25
13368 0.409091
13369 0.409091
13371 0.5
13372 0.5
13373 0.5
13374 0.5
13375 0.5
13376 0.25
13377 0.25
13384 0.485714
13391 0.5
13392 0.5
13394 0.190476
13395 0.190476
13396 0.190476
13397 0.190476
13398 0.190476
13405 0.117647
13409 0.25
13410 0.25
13411 0.163934
13413 0.2
13421 0.428571
13427 0.5
13428 0.5
13429 0.333333
13430 0.4
13431 0.416667
13432 0.416667
13436 0.5
13442 0.1875
13443 0.5
13444 0.5
13445 0.5
13446 0.5
13447 0.5
13453 0.466667
13454 0.466667
13455 0.466667
13458 0.25
13459 0.25
13460 0.25
13461 0.48
13476 0.5
13477 0.5
13478 0.5
13479 0.5
13480 0.5
13486 0.4
13487 0.266667
13491 0.4
13501 0.428571
13502 0.285714
13510 0.5
13511 0.5
13517 0.266667
13518 0.266667
13523 0.391304
13524 0.333333
13525 0.333333
13526 0.333333
13527 0.285714
13528 0.285714
13529 0.285714
13530 0.285714
13531 0.285714
13534 0.4375
13537 0.285714
13538 0.285714
13539 0.2
13540 0.375
13541 0.375
13544 0.363636
13545 0.428571
13546 0.444444
13547 0.444444
13550 0.5
13551 0.333333
13552 0.333333
13553 0.333333
13554 0.333333
13555 0.333333
13556 0.482759
13557 0.482759
13558 0.482759
13559 0.5
13560 0.5
13561 0.454545
13562 0.454545
13563 0.454545
13564 0.454545
13565 0.454545
13566 0.454545
13567 0.454545
13568 0.454545
13572 0.5
13575 0.5
13576 0.5
13590 0.444444
13591 0.444444
13592 0.444444
13593 0.428571
13594 0.428571
13595 0.428571
13597 0.333333
13602 0.117647
13603 0.5
13604 0.5
13605 0.5
13606 0.5
13607 0.5
13646 0.16
13647 0.16
13648 0.16
13649 0.16
13650 0.428571
13651 0.4
13652 0.4
13658 0.285714
13669 0.5
13670 0.5
13671 0.5
13679 0.444444
13680 0.5
13687 0.333333
13688 0.466667
13689 0.466667
13690 0.466667
13696 0.5
13697 0.285714
13698 0.285714
13699 0.5
13703 0.5
13706 0.333333
13707 0.333333
13708 0.25
13709 0.25
13710 0.25
13717 0.5
13722 0.25
13729 0.5
13731 0.297297
13732 0.333333
13733 0.333333
13734 0.473684
13735 0.473684
13736 0.5
13737 0.5
13742 0.454545
13743 0.454545
13745 0.5
13746 0.181818
13747 0.181818
13749 0.428571
13750 0.428571
13751 0.428571
13753 0.5
13754 0.5
13755 0.5
13760 0.476923
13761 0.476923
13762 0.333333
13766 0.5
13775 0.276596
13776 0.5
13777 0.5
13793 0.5
13797 0.5
13798 0.5
13799 0.3
13800 0.3
13801 0.5
13802 0.380952
13803 0.5
13804 0.5
13809 0.259542
13811 0.111111
13818 0.375
13819 0.375
13828 0.333333
13829 0.333333
13830 0.333333
13831 0.333333
13832 0.5
13833 0.5
13834 0.214286
13835 0.214286
13838 0.5
13839 0.5
13840 0.333333
13841 0.333333
13842 0.5
13843 0.5
13844 0.5
13845 0.5
13846 0.5
13853 0.292308
13854 0.292308
13855 0.292308
13856 0.292308
13857 0.292308
13863 0.444444
13864 0.444444
13865 0.444444
13866 0.5
13867 0.5
13868 0.5
13869 0.333333
13870 0.333333
13879 0.4
13881 0.235294
13882 0.235294
13883 0.235294
13884 0.307692
13885 0.307692
13886 0.307692
13887 0.36
13888 0.36
13889 0.36
13890 0.36
13895 0.4
13896 0.4
13912 0.5
13913 0.5
13919 0.333333
13920 0.333333
13922 0.25
13923 0.25
13931 0.136364
13932 0.314815
13933 0.5
13934 0.5
13935 0.47619
13939 0.428571
13940 0.5
13943 0.5
13944 0.5
13945 0.5
13951 0.25
13952 0.5
13954 0.5
13955 0.25
13956 0.25
13957 0.25
13958 0.25
13959 0.428571
13960 0.5
13961 0.388889
13962 0.444444
13963 0.25
13973 0.5
13974 0.444444
13975 0.444444
13976 0.444444
13977 0.444444
13978 0.444444
13979 0.465116
13980 0.465116
13981 0.465116
13982 0.465116
13985 0.4
13986 0.4
13987 0.428571
13988 0.428571
13989 0.428571
13993 0.333333
13994 0.333333
13995 0.333333
13996 0.333333
13997 0.333333
13998 0.333333
14000 0.5
14004 0.222222
14005 0.222222
14006 0.222222
14007 0.222222
14008 0.222222
14009 0.222222
14019 0.4
14021 0.166667
14022 0.333333
14026 0.285714
14027 0.285714
14030 0.4
14031 0.4
14032 0.428571
14033 0.428571
14034 0.428571
14035 0.428571
14036 0.428571
14037 0.428571
14040 0.5
14042 0.342105
14043 0.342105
14045 0.333333
14054 0.4
14055 0.4
14059 0.181818
14060 0.5
14062 0.5
14067 0.5
14068 0.333333
14070 0.333333
14075 0.5
14076 0.454545
14077 0.454545
14082 0.307692
14084 0.375
14085 0.375
14086 0.375
14087 0.375
14088 0.375
14089 0.375
14091 0.5
14092 0.5
14094 0.416667
14095 0.416667
14097 0.490196
14106 0.4
14116 0.333333
14117 0.333333
14119 0.5
14120 0.4
14133 0.294118
14134 0.294118
14135 0.294118
14136 0.294118
14137 0.294118
14138 0.5
14139 0.5
14144 0.333333
14160 0.333333
14161 0.28
14162 0.176471
14184 0.4
14185 0.363636
14191 0.25
14192 0.25
14193 0.3
14198 0.466667
14199 0.466667
14200 0.25
14201 0.25
14202 0.25
14203 0.25
14204 0.428571
14205 0.428571
14206 0.428571
14207 0.5
14208 0.5
14209 0.333333
14210 0.333333
14212 0.5
14220 0.3125
14221 0.5
14228 0.277778
14235 0.5
14236 0.5
14237 0.5
14238 0.5
14239 0.5
14244 0.5
14247 0.5
14248 0.5
14249 0.5
14258 0.2
14259 0.4
14262 0.4
14264 0.466667
14265 0.333333
14267 0.25
14268 0.25
14269 0.181818
14272 0.421053
14273 0.421053
14274 0.421053
14275 0.421053
14280 0.444444
14291 0.222222
14292 0.285714
14293 0.307692
14294 0.321429
14295 0.390244
14296 0.4
14297 0.35
14298 0.35
14299 0.35
14300 0.35
14301 0.5
14302 0.5
14305 0.5
14306 0.5
14309 0.5
14310 0.5
14311 0.5
14312 0.5
14313 0.5
14314 0.5
14315 0.5
14320 0.25
14321 0.461538
14322 0.461538
14323 0.457143
14324 0.333333
14325 0.333333
14326 0.333333
14327 0.333333
14337 0.25
14347 0.285714
14348 0.285714
14359 0.3
14360 0.3
14361 0.3
14362 0.428571
14363 0.428571
14364 0.428571
14365 0.333333
14366 0.333333
14367 0.333333
14368 0.333333
14370 0.380952
14374 0.5
14375 0.5
14376 0.5
14377 0.5
14378 0.444444
14379 0.444444
14380 0.444444
14381 0.444444
14382 0.444444
14383 0.444444
14384 0.454545
14398 0.5
14399 0.5
14400 0.5
14401 0.5
14407 0.5
14408 0.5
14409 0.5
14410 0.5
14418 0.333333
14419 0.333333
14420 0.333333
14421 0.411765
14422 0.411765
14424 0.272727
14425 0.4
14426 0.4
14427 0.25
14428 0.25
14429 0.25
14430 0.25
14431 0.25
14432 0.333333
14444 0.363636
14445 0.363636
14450 0.222222
14455 0.487179
14456 0.487179
14457 0.5
14458 0.5
14459 0.5
14460 0.5
14461 0.5
14462 0.428571
14469 0.5
14479 0.5
14482 0.4375
14483 0.5
14485 0.285714
14486 0.285714
14487 0.285714
14488 0.285714
14489 0.5
14490 0.5
14496 0.4
14497 0.4
14498 0.4
14499 0.4
14500 0.4
14501 0.4
14502 0.4
14503 0.4
14508 0.473684
14514 0.181818
14526 0.307692
14527 0.307692
14529 0.245902
14536 0.333333
14540 0.25
14541 0.222222
14543 0.472727
14544 0.227273
14545 0.227273
14561 0.5
14562 0.5
14565 0.333333
14572 0.375
14573 0.375
14574 0.375
14575 0.375
14576 0.25
14590 0.5
14596 0.375
14597 0.375
14604 0.4
14605 0.4
14617 0.384615
14618 0.5
14619 0.5
14620 0.5
14621 0.5
14623 0.461538
14624 0.461538
14625 0.4
14626 0.369565
14627 0.369565
14628 0.369565
14630 0.5
14633 0.466667
14634 0.4
14635 0.4
14636 0.4
14638 0.4
14642 0.428571
14643 0.428571
14644 0.428571
14647 0.428571
14648 0.4
14649 0.4
14650 0.4
14651 0.150943
14652 0.150943
14653 0.150943
14661 0.375
14662 0.375
14663 0.375
14667 0.434783
14668 0.322581
14673 0.314286
14674 0.321429
14675 0.321429
14676 0.321429
14677 0.321429
14687 0.5
14699 0.428571
14700 0.428571
14715 0.5
14716 0.5
14720 0.5
14721 0.5
14722 0.5
14723 0.5
14727 0.285714
14728 0.285714
14730 0.333333
14731 0.333333
14732 0.333333
14733 0.166667
14734 0.166667
14735 0.421053
14736 0.421053
14737 0.421053
14738 0.421053
14739 0.421053
14740 0.421053
14741 0.421053
14742 0.421053
14746 0.333333
14747 0.333333
14748 0.4
14749 0.4
14750 0.4
14751 0.4
14752 0.285714
14753 0.285714
14754 0.272727
14755 0.272727
14756 0.444444
14757 0.444444
14758 0.444444
14759 0.5
14760 0.5
14761 0.285714
14762 0.285714
14763 0.285714
14764 0.5
14769 0.5
14770 0.5
14772 0.333333
14773 0.333333
14774 0.333333
14779 0.4
14780 0.285714
14781 0.222222
14782 0.222222
14784 0.4
14785 0.4
14786 0.5
14787 0.5
14788 0.5
14789 0.4
14791 0.393939
14792 0.393939
14793 0.393939
14794 0.393939
14795 0.421053
14796 0.333333
14797 0.333333
14798 0.5
14800 0.25
14801 0.25
14803 0.4
14804 0.458564
14807 0.0714286
14808 0.0714286
14809 0.0714286
14810 0.0714286
14811 0.428571
14812 0.428571
14813 0.428571
14814 0.428571
14815 0.428571
14816 0.428571
14817 0.428571
14823 0.375
14824 0.375
14825 0.344828
14826 0.344828
14833 0.266667
14834 0.375
14841 0.421053
14842 0.421053
14843 0.421053
14844 0.421053
14845 0.421053
14846 0.421053
14847 0.421053
14849 0.142857
14851 0.142857
14852 0.142857
14853 0.142857
14854 0.416667
14859 0.333333
14860 0.333333
14861 0.333333
14862 0.333333
14866 0.36
14867 0.5
14878 0.5
14884 0.428571
14897 0.357143
14898 0.357143
14901 0.375
14902 0.375
14903 0.307692
14905 0.272727
14906 0.272727
14907 0.444444
14915 0.333333
14916 0.333333
14917 0.333333
14927 0.333333
14928 0.333333
14929 0.333333
14939 0.4
14940 0.444444
14941 0.222222
14945 0.2
14947 0.222222
14948 0.222222
14950 0.5
14951 0.5
14954 0.388889
14955 0.388889
14956 0.388889
14957 0.388889
14958 0.4
14960 0.25
14964 0.375
14965 0.166667
14971 0.285714
14973 0.466667
14981 0.5
14982 0.272727
14984 0.285714
14989 0.5
14990 0.185185
14991 0.185185
14992 0.185185
14993 0.185185
14994 0.185185
14995 0.185185
15001 0.5
15008 0.25
15013 0.472222
15014 0.363636
15015 0.5
15016 0.5
15017 0.5
15018 0.5
15021 0.4
15023 0.375
15024 0.375
15025 0.4
15026 0.375
15031 0.166667
15032 0.166667
15033 0.3125
15036 0.428571
15039 0.111111
15042 0.133333
15043 0.333333
15044 0.104167
15046 0.5
15047 0.372093
15060 0.459459
15061 0.459459
15062 0.461538
15070 0.333333
15071 0.333333
15072 0.222222
15077 0.357143
15080 0.4
15081 0.4
15082 0.4
15085 0.4
15090 0.5
15091 0.5
15094 0.5
15095 0.5
15096 0.5
15097 0.5
15102 0.5
15106 0.5
15107 0.5
15108 0.5
15110 0.5
15117 0.318182
15120 0.428571
15130 0.25
15131 0.25
15132 0.363636
15133 0.222222
15139 0.4375
15143 0.4
15149 0.463415
15164 0.375
15165 0.375
15167 0.3
15177 0.5
15178 0.333333
15186 0.25
15187 0.25
15188 0.25
15194 0.444444
15196 0.5
15203 0.25
15205 0.5
15208 0.413793
15209 0.413793
15210 0.315789
15211 0.315789
15212 0.315789
15220 0.333333
15223 0.444444
15231 0.285714
15232 0.5
15239 0.285714
15240 0.285714
15249 0.307692
15253 0.1
15254 0.4
15255 0.4
15256 0.4
15257 0.4
15258 0.4
15259 0.4
15260 0.2
15261 0.2
15262 0.5
15263 0.5
15269 0.454545
15270 0.454545
15271 0.454545
15272 0.454545
15273 0.375
15274 0.375
15278 0.375
15279 0.375
15280 0.333333
15284 0.333333
15285 0.333333
15286 0.333333
15287 0.333333
15288 0.333333
15289 0.333333
15294 0.4
15295 0.4
15298 0.25
15299 0.25
15300 0.315789
15301 0.421875
15302 0.347826
15303 0.347826
15304 0.347826
15305 0.5
15309 0.173913
15313 0.444444
15327 0.285714
15328 0.285714
15329 0.26087
15333 0.222222
15334 0.222222
15339 0.285714
15344 0.363636
15345 0.363636
15347 0.285714
15349 0.263158
15350 0.263158
15351 0.263158
15352 0.263158
15353 0.263158
15354 0.263158
15355 0.263158
15356 0.5
15357 0.5
15358 0.5
15359 0.5
15360 0.4
15361 0.5
15363 0.5
15364 0.5
15366 0.428571
15367 0.428571
15368 0.363636
15370 0.166667
15372 0.5
15376 0.333333
15377 0.333333
15378 0.333333
15382 0.464286
15387 0.5
15388 0.384615
15389 0.310345
15390 0.310345
15391 0.310345
15392 0.310345
15393 0.310345
15394 0.310345
15395 0.310345
15405 0.363636
15406 0.363636
15412 0.5
15419 0.384615
15420 0.384615
15421 0.384615
15422 0.384615
15423 0.384615
15435 0.166667
15441 0.375
15442 0.375
15443 0.375
15444 0.375
15445 0.375
15446 0.375
15447 0.428571
15450 0.5
15458 0.4
15459 0.4
15470 0.294118
15471 0.294118
15472 0.294118
15473 0.294118
15474 0.294118
15475 0.294118
15476 0.368421
15480 0.5
15481 0.5
15483 0.5
15489 0.4
15490 0.181818
15491 0.181818
15492 0.181818
15493 0.230769
15494 0.230769
15495 0.230769
15498 0.266667
15499 0.461538
15500 0.33871
15501 0.428571
15502 0.428571
15503 0.444444
15504 0.444444
15507 0.3125
15511 0.189189
15512 0.0921053
15517 0.4
15518 0.4
15519 0.4
15520 0.4
15525 0.454545
15540 0.181818
15543 0.333333
15544 0.333333
15545 0.333333
15546 0.5
15547 0.5
15553 0.3
15554 0.3
15555 0.3
15558 0.416667
15559 0.416667
15560 0.416667
15561 0.454545
15562 0.266667
15563 0.266667
15564 0.176471
15565 0.176471
15566 0.153846
15568 0.428571
15569 0.428571
15573 0.5
15574 0.5
15601 0.230769
15605 0.333333
15607 0.117647
15609 0.222222
15610 0.25
15611 0.25
15612 0.222222
15620 0.142857
15625 0.408451
15626 0.408451
15627 0.408451
15642 0.115385
15646 0.5
15647 0.5
15648 0.5
15649 0.5
15650 0.5
15651 0.5
15652 0.5
15653 0.5
15654 0.5
15655 0.5
15656 0.5
15665 0.363636
15666 0.363636
15674 0.5
15679 0.5
15683 0.5
15684 0.5
15689 0.5
15690 0.5
15691 0.5
15692 0.363636
15695 0.285714
15696 0.285714
15705 0.25
15706 0.25
15707 0.4
15718 0.4
15719 0.333333
15726 0.391304
15727 0.333333
15728 0.333333
15734 0.222222
15735 0.222222
15736 0.222222
15737 0.333333
15738 0.333333
15739 0.444444
15740 0.444444
15741 0.444444
15761 0.363636
15767 0.15
15768 0.5
15769 0.5
15772 0.365854
15773 0.230769
15774 0.230769
15776 0.235294
15777 0.235294
15778 0.4
15779 0.4
15784 0.5
15785 0.4
15786 0.4
15789 0.25
15790 0.25
15791 0.5
15792 0.5
15793 0.5
15794 0.5
15795 0.5
15796 0.5
15797 0.5
15798 0.5
15799 0.5
15800 0.5
15801 0.5
15802 0.5
15803 0.5
15804 0.5
15808 0.272727
15809 0.5
15810 0.5
15811 0.5
15812 0.446809
15813 0.5
15814 0.25
15815 0.25
15820 0.333333
15821 0.333333
15829 0.5
15830 0.294118
15831 0.294118
15832 0.294118
15833 0.461538
15834 0.461538
15835 0.461538
15836 0.381818
15837 0.109091
15838 0.109091
15839 0.333333
15842 0.478261
15843 0.478261
15844 0.478261
15845 0.478261
15846 0.4
15847 0.4
15848 0.4
15849 0.4
15855 0.5
15856 0.5
15857 0.5
15858 0.5
15859 0.3
15860 0.176471
15861 0.176471
15867 0.5
15869 0.416667
15870 0.416667
15871 0.416667
15873 0.263158
15881 0.333333
15882 0.42623
15883 0.238095
15884 0.238095
15885 0.238095
15886 0.470588
15887 0.470588
15888 0.470588
15889 0.4
15893 0.222222
15894 0.5
15895 0.5
15896 0.5
15897 0.388889
15898 0.388889
15899 0.388889
15900 0.5
15908 0.4
15909 0.5
15910 0.5
15911 0.5
15912 0.5
15918 0.384615
15919 0.384615
15921 0.474576
15922 0.333333
15923 0.3125
15924 0.3125
15944 0.45
15945 0.321429
15949 0.333333
15963 0.272727
15972 0.333333
15973 0.333333
15974 0.333333
15976 0.222222
15977 0.222222
15979 0.222222
15982 0.133333
15999 0.25
16000 0.489796
16001 0.489796
16002 0.489796
16003 0.489796
16004 0.285714
16007 0.375
16008 0.375
16009 0.375
16010 0.428571
16011 0.428571
16013 0.44
16024 0.333333
16025 0.333333
16026 0.333333
16030 0.222222
16038 0.25
16039 0.25
16040 0.4
16042 0.4375
16053 0.4
16055 0.5
16058 0.5
16061 0.5
16063 0.5
16064 0.25
16065 0.444444
